5
8
15
17
22
30
34
34
41
46
55
60
69
71
74
78
81
90
94
103
110
113
116
120
127
136
143
147
148
149
151
155
155
159
161
168
170
170
171
178
182
187
189
195
197
203
208
213
221
224
229
230
235
241
246
251
253
262
268
277
281
286
288
294
299
306
315
321
321
325
326
331
331
334
339
341
343
343
346
346
347
349
354
358
367
373
378
381
382
382
391
393
402
405
406
407
416
418
421
427
433
438
439
445
449
453
457
458
465
470
473
476
482
482
485
486
490
499
504
513
519
525
534
539
541
546
554
559
562
565
570
575
581
582
584
591
593
601
607
608
615
619
621
625
627
633
638
647
652
653
661
666
671
674
678
685
686
686
687
691
694
698
701
709
709
712
714
722
726
733
736
742
745
752
752
757
760
762
768
769
771
780
788
791
792
793
798
802
810
819
828
832
837
845
845
849
856
856
865
866
866
871
873
874
878
881
884
892
901
907
909
918
921
929
938
947
952
954
955
964
968
968
975
982
987
991
991
995
1003
1003
1003
1011
1015
1019
1024
1030
1036
1041
1049
1052
1059
1059
1060
1062
1065
1074
1080
1087
1093
1101
1109
1116
1117
1125
1130
1132
1136
1137
1144
1153
1161
1167
1175
1184
1186
1187
1189
1191
1200
1206
1214
1215
1215
1222
1229
1230
1231
1232
1233
1239
1246
1254
1263
1271
1271
1277
1279
1286
1291
1299
1300
1304
1309
1314
1318
1323
1323
1328
1330
1330
1336
1342
1351
1357
1365
1372
1377
1380
1387
1395
1400
1408
1411
1412
1418
1419
1419
1419
1425
1429
1435
1443
1447
1454
1457
1460
1469
1475
1477
1484
1493
1494
1494
1497
1504
1506
1515
1523
1530
1539
1545
1545
1548
1557
1559
1560
1560
1564
1569
1570
1573
1578
1587
1587
1593
1596
1599
1600
1607
1613
1613
1614
1616
1623
1625
1628
1629
1632
1634
1643
1649
1654
1660
1662
1670
1679
1688
1694
1701
1708
1716
1720
1724
1732
1737
1746
1755
1760
1768
1770
1774
1781
1789
1794
1796
1805
1809
1812
1819
1822
1827
1827
1833
1841
1845
1852
1856
1856
1860
1862
1864
1864
1866
1866
1872
1872
1873
1882
1885
1885
1885
1885
1894
1895
1899
1908
1909
1912
1918
1927
1934
1943
1949
1954
1961
1965
1974
1980
1985
1987
1992
2000
2003
2010
2011
2014
2014
2017
2024
2030
2038
2039
2040
2042
2044
2050
2051
2056
2063
2064
2069
2078
2080
2087
2091
2096
2104
2105
2110
2112
2120
2129
2134
2142
2148
2151
2152
2154
2163
2163
2166
2173
2175
2177
2186
2191
2195
2204
2207
2214
2222
2222
2222
2222
2228
2237
2239
2239
2244
2248
2254
2259
2267
2273
2277
2277
2280
2288
2289
2289
2289
2293
2296
2296
2299
2303
2305
2307
2314
2322
2322
2329
2335
2336
2340
2349
2349
2352
2354
2354
2355
2359
2366
2372
2372
2375
2376
2377
2383
2392
2393
2394
2396
2402
2402
2404
2413
2413
2421
2428
2436
2439
2444
2450
2457
2463
2470
2473
2473
2476
2484
2488
2494
2499
2500
2500
2509
2515
2517
2522
2525
2526
2532
2536
2542
2545
2550
2553
2557
2566
2566
2568
2571
2579
2580
2588
2589
2589
2590
2592
2601
2607
2608
2616
2620
2628
2628
2635
2636
2642
2649
2657
2659
2662
2667
2668
2673
2680
2688
2691
2693
2701
2702
2709
2714
2715
2717
2718
2720
2724
2727
2728
2729
2729
2730
2734
2741
2741
2744
2748
2754
2760
2769
2773
2776
2784
2784
2787
2793
2794
2803
2805
2811
2812
2821
2822
2826
2835
2843
2851
2857
2862
2862
2867
2868
2874
2878
2882
2882
2882
2882
2886
2891
2893
2894
2894
2900
2908
2914
2918
2922
2927
2930
2930
2936
2939
2941
2943
2947
2949
2952
2961
2969
2969
2977
2977
2985
2988
2995
3000
3005
3008
3010
3013
3016
3023
3024
3031
3031
3035
3036
3042
3049
3056
3059
3065
3066
3073
3073
3073
3077
3085
3085
3085
3088
3088
3095
3104
3109
3111
3120
3125
3132
3136
3140
3146
3153
3154
3161
3165
3172
3179
3187
3192
3192
3200
3207
3214
3216
3220
3223
3227
3234
3237
3239
3239
3242
3247
3249
3254
3257
3264
3266
3266
3267
3268
3268
3276
3279
3284
3288
3297
3297
3305
3307
3311
3316
3322
3323
3332
3333
3340
3345
3350
3354
3361
3364
3373
3380
3388
3390
3399
3402
3409
3411
3420
3423
3430
3432
3433
3433
3442
3450
3457
3460
3468
3477
3481
3490
3494
3503
3503
3508
3509
3514
3516
3522
3529
3536
3543
3550
3554
3557
3558
3566
3574
3576
3578
3584
3589
3598
3602
3602
3604
3608
3609
3618
3623
3626
3632
3640
3645
3653
3659
3664
3664
3669
3669
3670
3677
3682
3687
3691
3693
3699
3708
3711
3712
3720
3724
3725
3733
3733
3737
3740
3743
3743
3744
3746
3746
3755
3763
3768
3770
3779
3780
3785
3792
3798
3799
3804
3809
3809
3810
3814
3817
3819
3827
3836
3841
3850
3853
3859
3864
3870
3871
3879
3883
3887
3890
3891
3895
3901
3901
3910
3912
3912
3920
3923
3928
3935
3937
3940
3947
3953
3958
3964
3971
3980
3984
3992
3996
4003
4010
4013
4019
4026
4034
4043
4050
4057
4065
4072
4078
4086
4095
4102
4109
4112
4117
4126
4127
4135
4137
4145
4148
4157
4161
4165
4172
4179
4184
4185
4186
4192
4198
4206
4208
4215
4223
4223
4226
4234
4237
4239
4244
4248
4257
4258
4258
4258
4261
4268
4276
4278
4285
4288
4296
4299
4299
4301
4305
4314
4319
4327
4330
4337
4339
4342
4348
4357
4366
4366
4366
4375
4380
4382
4383
4390
4390
4391
4392
4392
4396
4399
4407
4409
4418
4426
4432
4437
4442
4448
4449
4457
4465
4473
4473
4482
4488
4495
4504
4510
4518
4526
4535
4539
4546
4553
4556
4565
4573
4582
4590
4590
4594
4597
4605
4613
4618
4626
4635
4643
4648
4656
4665
4665
4665
4666
4672
4672
4679
4684
4684
4688
4692
4695
4699
4699
4703
4710
4716
4722
4725
4730
4731
4739
4747
4755
4758
4764
4771
4774
4775
4777
4784
4790
4798
4800
4805
4813
4821
4823
4828
4831
4838
4839
4841
4849
4856
4865
4874
4878
4883
4886
4891
4899
4907
4908
4915
4920
4928
4937
4938
4944
4950
4955
4956
4964
4967
4970
4975
4976
4981
4983
4989
4991
4998
5003
5003
5004
5012
5014
5018
5018
5023
5032
5036
5041
5043
5044
5048
5054
5060
5062
5065
5066
5066
5070
5071
5077
5085
5094
5098
5099
5106
5112
5118
5119
5128
5136
5143
5151
5157
5166
5171
5178
5178
5178
5182
5183
5184
5192
5192
5194
5202
5209
5209
5212
5219
5223
5229
5231
5240
5244
5252
5252
5261
5262
5271
5273
5281
5285
5293
5293
5293
5293
5302
5305
5306
5311
5320
5325
5332
5333
5333
5340
5340
5346
5347
5352
5354
5360
5364
5368
5372
5373
5382
5389
5390
5391
5395
5397
5402
5408
5409
5416
5424
5430
5438
5445
5452
5457
5466
5474
5476
5476
5481
5487
5488
5494
5495
5495
5498
5499
5508
5511
5518
5525
5526
5527
5527
5527
5532
5537
5545
5547
5552
5559
5561
5568
5575
5581
5584
5586
5590
5598
5598
5598
5600
5607
5607
5607
5609
5618
5618
5620
5626
5629
5636
5642
5644
5647
5655
5656
5657
5660
5660
5661
5668
5669
5673
5679
5683
5685
5691
5693
5695
5703
5709
5714
5718
5727
5732
5736
5739
5744
5750
5759
5766
5771
5775
5781
5781
5781
5787
5787
5793
5802
5804
5812
5815
5822
5828
5828
5833
5837
5844
5852
5858
5858
5860
5869
5875
5875
5878
5883
5892
5901
5908
5908
5916
5921
5926
5930
5933
5942
5945
5945
5947
5952
5955
5960
5966
5970
5975
5980
5985
5987
5994
5997
5998
6007
6007
6007
6016
6016
6020
6026
6035
6037
6038
6042
6044
6048
6053
6054
6062
6063
6068
6076
6079
6087
6095
6098
6105
6108
6115
6120
6124
6124
6128
6131
6134
6135
6143
6151
6159
6160
6164
6171
6172
6181
6181
6183
6188
6190
6196
6200
6200
6202
6202
6202
6207
6213
6213
6216
6218
6225
6225
6229
6233
6242
6243
6247
6252
6255
6259
6267
6271
6276
6276
6276
6285
6293
6299
6300
6307
6315
6324
6331
6336
6339
6348
6356
6359
6364
6369
6376
6376
6376
6380
6387
6396
6405
6414
6415
6416
6416
6425
6426
6435
6437
6446
6446
6449
6451
6454
6460
6468
6469
6469
6475
6481
6489
6489
6491
6497
6506
6514
6517
6525
6531
6536
6543
6550
6553
6553
6558
6562
6563
6564
6564
6565
6567
6568
6570
6577
6584
6587
6591
6600
6605
6608
6610
6613
6617
6625
6628
6636
6640
6646
6648
6651
6651
6651
6657
6666
6675
6676
6676
6685
6692
6693
6702
6705
6714
6718
6718
6724
6728
6733
6736
6738
6744
6746
6754
6759
6765
6765
6773
6780
6783
6787
6788
6789
6796
6799
6805
6809
6810
6817
6818
6819
6824
6830
6835
6836
6841
6841
6850
6853
6860
6863
6872
6875
6883
6888
6893
6894
6900
6905
6914
6919
6925
6930
6938
6939
6945
6949
6952
6956
6961
6966
6971
6973
6973
6982
6982
6988
6996
7000
7006
7006
7013
7022
7027
7036
7045
7046
7055
7059
7064
7068
7074
7082
7086
7087
7088
7094
7096
7105
7111
7120
7129
7137
7141
7146
7153
7159
7163
7163
7172
7173
7182
7182
7182
7183
7185
7191
7196
7200
7200
7203
7208
7213
7214
7223
7232
7237
7240
7240
7241
7247
7253
7254
7263
7272
7273
7276
7283
7287
7289
7296
7300
7305
7305
7312
7315
7324
7324
7325
7331
7338
7347
7355
7361
7368
7377
7377
7378
7386
7387
7395
7398
7402
7409
7411
7413
7422
7426
7432
7436
7439
7444
7453
7459
7467
7471
7477
7477
7479
7484
7486
7487
7494
7495
7498
7499
7503
7506
7508
7509
7512
7520
7529
7530
7535
7542
7543
7551
7551
7558
7565
7574
7582
7591
7597
7606
7615
7617
7623
7627
7633
7637
7638
7647
7656
7658
7663
7670
7670
7677
7680
7689
7694
7702
7705
7705
7706
7713
7717
7725
7734
7740
7747
7749
7749
7755
7758
7758
7760
7764
7764
7764
7773
7780
7782
7786
7790
7796
7801
7808
7811
7820
7829
7829
7834
7841
7842
7849
7853
7853
7856
7860
7867
7872
7873
7881
7890
7899
7902
7903
7909
7918
7927
7932
7941
7941
7948
7957
7965
7969
7969
7975
7976
7976
7985
7986
7987
7989
7993
7997
8001
8009
8014
8014
8019
8019
8022
8029
8033
8037
8045
8054
8062
8064
8065
8065
8065
8073
8078
8087
8087
8094
8097
8106
8109
8112
8117
8117
8117
8117
8119
8119
8122
8125
8129
8134
8138
8144
8147
8151
8157
8161
8167
8172
8172
8181
8183
8183
8184
8186
8194
8198
8205
8208
8214
8215
8222
8224
8229
8235
8238
8243
8251
8255
8259
8266
8266
8267
8275
8283
8285
8294
8295
8302
8305
8310
8315
8323
8324
8326
8334
8342
8345
8354
8360
8361
8363
8368
8371
8374
8377
8383
8388
8392
8399
8400
8403
8412
8414
8421
8423
8424
8424
8425
8430
8433
8442
8445
8447
8451
8454
8458
8458
8466
8466
8474
8482
8482
8490
8490
8493
8502
8508
8516
8519
8527
8530
8537
8545
8549
8558
8564
8569
8570
8577
8583
8587
8596
8603
8604
8610
8618
8627
8635
8637
8638
8643
8646
8651
8659
8663
8666
8667
8675
8675
8675
8678
8678
8687
8694
8701
8705
8705
8705
8711
8717
8718
8727
8729
8730
8735
8742
8742
8746
8752
8759
8764
8767
8776
8778
8780
8783
8791
8794
8800
8802
8805
8811
8819
8820
8822
8823
8823
8826
8827
8835
8837
8837
8840
8841
8849
8857
8865
8866
8869
8876
8880
8883
8888
8896
8902
8905
8905
8909
8916
8922
8924
8932
8938
8944
8951
8953
8959
8965
8969
8969
8974
8983
8986
8990
8992
8997
8999
9000
9008
9013
9014
9019
9023
9031
9034
9041
9041
9045
9045
9047
9054
9057
9064
9073
9074
9081
9082
9082
9086
9091
9100
9106
9111
9114
9120
9129
9132
9140
9144
9148
9157
9157
9166
9172
9181
9182
9187
9188
9197
9206
9213
9222
9222
9224
9231
9234
9238
9240
9245
9249
9256
9261
9264
9265
9274
9278
9284
9284
9288
9297
9301
9310
9312
9313
9315
9317
9320
9324
9332
9340
9344
9348
9349
9355
9357
9365
9367
9367
9372
9375
9376
9378
9380
9383
9383
9384
9390
9396
9400
9407
9415
9424
9429
9435
9441
9441
9442
9451
9458
9460
9465
9465
9470
9479
9488
9494
9499
9500
9507
9514
9519
9520
9526
9530
9537
9544
9552
9552
9555
9560
9563
9563
9565
9570
9575
9583
9591
9595
9598
9603
9605
9607
9609
9615
9623
9631
9633
9638
9643
9651
9655
9661
9668
9673
9674
9676
9677
9679
9680
9689
9692
9700
9702
9711
9717
9721
9730
9739
9748
9752
9760
9768
9768
9773
9779
9780
9788
9789
9790
9793
9795
9801
9810
9811
9818
9825
9826
9829
9830
9838
9846
9849
9851
9853
9854
9860
9867
9867
9871
9876
9878
9884
9893
9893
9897
9905
9905
9910
9913
9919
9924
9933
9937
9941
9943
9950
9953
9957
9960
9968
9973
9977
9980
9988
9994
9995
10002
10011
10017
10025
10026
10028
10034
10041
10048
10051
10052
10060
10064
10072
10079
10086
10089
10093
10100
10109
10114
10115
10120
10126
10127
10129
10131
10140
10144
10152
10157
10165
10172
10175
10182
10188
10193
10193
10195
10196
10201
10209
10210
10214
10222
10222
10223
10226
10229
10235
10244
10246
10248
10249
10250
10251
10259
10264
10273
10273
10281
10285
10287
10291
10298
10302
10309
10318
10322
10323
10328
10328
10336
10339
10344
10353
10354
10362
10363
10371
10379
10386
10394
10396
10396
10405
10408
10414
10415
10420
10426
10431
10433
10435
10441
10444
10449
10450
10451
10460
10467
10471
10472
10480
10481
10482
10486
10488
10492
10495
10502
10503
10508
10512
10515
10519
10522
10528
10534
10541
10548
10552
10558
10563
10569
10569
10577
10583
10585
10590
10590
10597
10597
10604
10604
10610
10614
10615
10619
10623
10626
10627
10635
10641
10642
10646
10646
10649
10650
10657
10664
10665
10666
10666
10668
10675
10680
10681
10685
10688
10696
10702
10706
10711
10720
10724
10728
10736
10738
10741
10747
10747
10756
10762
10764
10764
10769
10769
10778
10784
10785
10792
10792
10796
10802
10809
10813
10815
10818
10824
10829
10829
10837
10838
10841
10848
10854
10862
10863
10866
10870
10873
10874
10875
10877
10885
10890
10895
10896
10900
10901
10909
10917
10926
10935
10935
10939
10943
10944
10949
10955
10956
10960
10969
10976
10981
10982
10990
10992
10994
11003
11008
11013
11015
11020
11028
11035
11037
11038
11043
11051
11055
11058
11061
11067
11075
11079
11080
11080
11083
11085
11086
11093
11095
11098
11103
11112
11116
11119
11119
11124
11128
11132
11137
11145
11152
11153
11156
11162
11169
11172
11180
11181
11186
11193
11193
11199
11207
11213
11216
11219
11228
11232
11240
11244
11244
11248
11254
11263
11267
11274
11283
11292
11300
11301
11304
11311
11315
11321
11328
11336
11339
11339
11342
11345
11353
11359
11366
11372
11379
11386
11393
11393
11396
11405
11411
11417
11420
11425
11434
11437
11443
11450
11456
11464
11468
11470
11474
11475
11477
11481
11489
11495
11502
11505
11506
11515
11515
11520
11525
11533
11538
11545
11554
11562
11563
11563
11572
11572
11574
11576
11576
11576
11583
11585
11585
11591
11592
11599
11603
11606
11612
11618
11619
11625
11626
11628
11636
11644
11651
11656
11658
11662
11668
11677
11681
11686
11694
11696
11701
11706
11708
11710
11718
11720
11729
11730
11737
11745
11751
11754
11761
11769
11775
11784
11784
11786
11795
11795
11795
11803
11806
11807
11814
11817
11819
11820
11828
11832
11838
11841
11844
11852
11855
11856
11861
11864
11868
11871
11879
11886
11887
11890
11895
11896
11896
11900
11900
11909
11911
11915
11915
11921
11922
11923
11924
11925
11926
11927
11928
11936
11938
11939
11939
11940
11949
11953
11953
11953
11956
11959
11964
11973
11973
11979
11984
11992
11999
11999
12007
12016
12024
12024
12033
12040
12042
12051
12052
12058
12060
12063
12067
12069
12074
12083
12092
12097
12099
12108
12109
12116
12121
12126
12135
12144
12148
12148
12151
12153
12153
12158
12159
12163
12169
12173
12178
12180
12186
12194
12194
12202
12205
12213
12218
12219
12223
12230
12235
12235
12244
12246
12254
12260
12262
12269
12274
12282
12283
12291
12297
12305
12310
12315
12315
12315
12317
12326
12329
12336
12345
12347
12348
12351
12355
12357
12364
12372
12374
12381
12386
12386
12390
12394
12401
12403
12412
12420
12424
12428
12431
12438
12442
12451
12460
12469
12469
12472
12474
12482
12486
12493
12497
12502
12502
12506
12514
12523
12532
12541
12542
12551
12552
12557
12562
12565
12573
12575
12584
12585
12591
12597
12599
12604
12604
12606
12608
12608
12614
12619
12624
12627
12635
12639
12647
12652
12657
12666
12668
12676
12679
12686
12687
12696
12700
12700
12708
12713
12721
12727
12733
12734
12742
12745
12751
12752
12758
12762
12771
12776
12781
12783
12791
12797
12799
12803
12812
12821
12823
12827
12831
12840
12844
12849
12851
12851
12854
12859
12860
12868
12871
12878
12880
12889
12895
12904
12905
12911
12911
12915
12922
12923
12929
12936
12943
12952
12952
12955
12961
12963
12966
12967
12969
12978
12979
12979
12984
12990
12993
12994
13002
13011
13013
13021
13029
13034
13040
13044
13047
13056
13062
13062
13064
13070
13074
13080
13086
13086
13086
13092
13100
13101
13102
13108
13110
13112
13120
13127
13127
13136
13142
13149
13151
13155
13159
13159
13160
13166
13171
13177
13177
13185
13191
13193
13194
13196
13196
13205
13211
13216
13217
13224
13229
13229
13234
13241
13244
13246
13247
13251
13259
13265
13271
13271
13274
13283
13290
13294
13299
13300
13307
13310
13310
13319
13321
13329
13333
13341
13350
13359
13360
13364
13371
13372
13373
13377
13381
13383
13391
13394
13394
13394
13396
13404
13412
13417
13418
13427
13436
13443
13452
13458
13466
13470
13477
13486
13490
13491
13492
13496
13502
13509
13517
13523
13524
13532
13537
13539
13543
13549
13556
13561
13568
13574
13578
13579
13587
13589
13590
13594
13602
13610
13618
13626
13627
13634
13639
13643
13647
13656
13663
13671
13676
13683
13684
13689
13690
13693
13699
13705
13711
13714
13714
13719
13722
13725
13731
13737
13743
13747
13750
13756
13760
13761
13767
13767
13774
13778
13783
13787
13793
13802
13807
13807
13814
13820
13824
13826
13831
13838
13840
13844
13846
13851
13851
13859
13864
13872
13877
13877
13885
13892
13897
13897
13902
13909
13914
13914
13917
13924
13933
13934
13939
13941
13947
13952
13953
13959
13961
13968
13971
13973
13973
13978
13981
13986
13990
13998
14001
14010
14018
14019
14021
14024
14026
14030
14039
14046
14050
14059
14065
14066
14071
14076
14076
14079
14087
14089
14093
14098
14100
14108
14115
14118
14127
14128
14137
14138
14144
14144
14144
14145
14148
14148
14151
14151
14154
14158
14162
14167
14167
14169
14173
14181
14181
14189
14196
14205
14212
14212
14216
14220
14226
14233
14239
14244
14253
14261
14266
14266
14266
14267
14274
14277
14284
14290
14295
14296
14304
14311
14311
14314
14321
14330
14332
14333
14340
14346
14353
14358
14360
14367
14369
14374
14382
14386
14390
14395
14403
14410
14412
14418
14422
14428
14432
14436
14438
14444
14450
14452
14453
14462
14465
14469
14475
14476
14482
14487
14487
14489
14491
14492
14496
14500
14506
14510
14511
14515
14519
14519
14522
14523
14526
14527
14528
14535
14537
14546
14553
14562
14571
14572
14573
14577
14586
14588
14596
14601
14608
14609
14616
14617
14626
14626
14626
14630
14639
14648
14651
14657
14663
14669
14678
14682
14683
14684
14690
14694
14703
14711
14714
14719
14725
14731
14740
14744
14745
14753
14762
14771
14773
14775
14778
14782
14790
14799
14799
14804
14808
14808
14816
14824
14828
14830
14832
14835
14844
14851
14852
14857
14866
14874
14880
14882
14890
14897
14906
14912
14919
14928
14929
14937
14937
14937
14937
14943
14947
14951
14959
14965
14973
14980
14983
14989
14989
14993
14995
15003
15007
15008
15016
15019
15028
15034
15043
15050
15053
15054
15055
15063
15065
15068
15075
15078
15087
15087
15087
15096
15097
15097
15101
15103
15103
15105
15108
15114
15115
15115
15121
15127
15128
15132
15136
15141
15146
15153
15159
15168
15172
15174
15176
15180
15180
15189
15193
15199
15201
15201
15207
15216
15225
15230
15239
15240
15240
15248
15248
15256
15259
15267
15272
15272
15277
15279
15286
15286
15286
15290
15291
15292
15297
15303
15305
15310
15318
15318
15322
15328
15330
15332
15333
15335
15341
15341
15350
15356
15356
15365
15365
15368
15377
15383
15385
15391
15396
15399
15406
15408
15408
15410
15415
15417
15424
15425
15432
15437
15445
15448
15457
15465
15471
15475
15476
15478
15486
15493
15497
15505
15506
15515
15517
15526
15530
15533
15538
15543
15549
15551
15551
15557
15566
15566
15573
15581
15590
15597
15603
15607
15609
15616
15620
15625
15628
15633
15641
15648
15649
15649
15655
15659
15666
15669
15675
15684
15688
15695
15701
15701
15707
15710
15716
15721
15724
15726
15730
15732
15736
15736
15736
15739
15743
15748
15750
15759
15767
15768
15771
15772
15779
15783
15789
15797
15801
15802
15808
15811
15814
15819
15819
15823
15831
15835
15835
15838
15842
15851
15851
15858
15861
15867
15876
15884
15886
15894
15903
15907
15913
15919
15927
15932
15938
15945
15953
15955
15962
15964
15969
15972
15975
15983
15991
15994
16000
16007
16016
16022
16024
16032
16033
16042
16045
16045
16048
16049
16057
16061
16061
16065
16069
16071
16071
16078
16080
16080
16089
16095
16095
16102
16108
16114
16118
16123
16130
16134
16135
16143
16145
16145
16151
16160
16160
16164
16165
16171
16178
16183
16189
16191
16191
16195
16204
16207
16216
16225
16226
16229
16230
16239
16247
16249
16256
16258
16262
16264
16269
16275
16276
16277
16279
16280
16284
16291
16297
16302
16306
16310
16317
16325
16327
16336
16337
16345
16351
16351
16354
16356
16356
16358
16359
16364
16373
16382
16388
16391
16396
16404
16412
16419
16428
16430
16437
16445
16452
16459
16463
16463
16470
16473
16474
16482
16490
16492
16496
16496
16496
16505
16512
16513
16518
16520
16522
16522
16529
16532
16538
16539
16544
16553
16560
16562
16571
16573
16582
16589
16596
16596
16604
16613
16614
16614
16620
16628
16632
16639
16640
16647
16647
16656
16661
16662
16667
16674
16678
16687
16688
16688
16689
16691
16691
16696
16699
16699
16700
16701
16702
16707
16709
16714
16718
16718
16725
16732
16739
16747
16751
16752
16756
16756
16761
16768
16768
16774
16778
16784
16790
16793
16800
16809
16809
16812
16813
16817
16817
16824
16830
16837
16844
16846
16849
16856
16857
16860
16865
16872
16878
16884
16892
16898
16905
16907
16908
16912
16917
16920
16921
16924
16932
16939
16942
16949
16950
16951
16954
16955
16961
16965
16970
16979
16988
16992
17000
17001
17005
17005
17011
17017
17018
17021
17021
17027
17029
17037
17044
17049
17049
17058
17064
17067
17073
17074
17080
17081
17087
17089
17095
17097
17103
17109
17116
17116
17124
17130
17134
17135
17140
17149
17151
17154
17161
17162
17169
17176
17183
17187
17190
17192
17195
17197
17201
17210
17217
17225
17226
17230
17236
17244
17245
17250
17257
17266
17271
17271
17276
17280
17280
17280
17286
17294
17294
17302
17310
17312
17317
17321
17326
17333
17335
17343
17345
17354
17362
17363
17371
17378
17381
17385
17389
17390
17394
17397
17406
17406
17406
17414
17420
17424
17426
17429
17429
17432
17438
17446
17447
17451
17460
17461
17466
17468
17472
17473
17479
17484
17484
17490
17496
17502
17511
17519
17527
17530
17536
17541
17542
17544
17547
17553
17560
17568
17572
17575
17581
17585
17592
17592
17596
17605
17609
17610
17610
17615
17621
17626
17632
17633
17639
17642
17647
17649
17652
17660
17666
17669
17674
17677
17685
17685
17691
17699
17705
17708
17710
17711
17717
17726
17727
17729
17730
17734
17736
17744
17748
17752
17755
17760
17760
17761
17767
17770
17779
17783
17787
17793
17802
17809
17809
17816
17824
17824
17825
17826
17830
17837
17843
17852
17859
17866
17866
17870
17877
17883
17889
17895
17904
17910
17918
17926
17934
17941
17943
17946
17950
17957
17957
17957
17958
17959
17962
17971
17978
17985
17988
17993
17999
18003
18007
18007
18009
18013
18018
18023
18030
18037
18040
18044
18047
18054
18057
18063
18072
18078
18082
18082
18088
18093
18093
18097
18106
18112
18120
18128
18128
18132
18138
18147
18155
18158
18160
18169
18176
18178
18185
18188
18197
18204
18207
18213
18214
18221
18223
18227
18230
18236
18244
18245
18252
18257
18258
18263
18268
18270
18279
18280
18286
18293
18302
18302
18302
18302
18308
18313
18321
18329
18336
18345
18348
18350
18350
18359
18367
18373
18375
18377
18379
18386
18394
18398
18406
18413
18416
18419
18428
18434
18438
18444
18447
18452
18460
18467
18470
18477
18477
18478
18478
18479
18487
18496
18496
18496
18496
18499
18502
18510
18510
18512
18513
18520
18522
18530
18533
18535
18544
18544
18548
18548
18549
18556
18556
18559
18567
18576
18584
18586
18591
18592
18600
18603
18604
18613
18619
18627
18632
18637
18637
18642
18650
18655
18658
18658
18663
18669
18676
18685
18694
18698
18699
18707
18711
18720
18728
18729
18734
18738
18743
18743
18743
18747
18751
18754
18761
18768
18777
18778
18787
18795
18804
18807
18811
18812
18818
18820
18826
18834
18843
18847
18848
18848
18848
18857
18866
18870
18871
18875
18877
18878
18882
18886
18887
18888
18891
18897
18899
18901
18901
18903
18905
18913
18921
18921
18930
18938
18946
18947
18956
18961
18962
18969
18975
18975
18976
18981
18989
18996
18999
19000
19004
19012
19021
19026
19033
19036
19040
19043
19049
19058
19058
19067
19072
19074
19079
19087
19089
19089
19089
19095
19100
19109
19109
19113
19118
19123
19130
19134
19137
19140
19141
19143
19151
19152
19153
19156
19160
19169
19172
19177
19179
19187
19190
19190
19199
19202
19208
19211
19213
19222
19226
19228
19236
19238
19240
19241
19250
19254
19258
19260
19265
19269
19269
19271
19277
19283
19288
19290
19294
19301
19309
19313
19319
19322
19327
19330
19332
19338
19338
19347
19348
19351
19356
19358
19364
19366
19373
19381
19386
19392
19400
19401
19407
19410
19416
19424
19430
19430
19435
19443
19443
19449
19453
19453
19456
19460
19465
19468
19469
19475
19484
19486
19490
19490
19494
19503
19504
19509
19518
19519
19527
19535
19539
19543
19550
19553
19556
19562
19566
19571
19580
19584
19588
19589
19595
19601
19608
19615
19623
19626
19634
19642
19644
19648
19649
19650
19652
19655
19657
19665
19673
19675
19680
19688
19695
19695
19699
19702
19710
19713
19721
19721
19721
19722
19723
19732
19734
19735
19736
19737
19746
19754
19762
19768
19776
19777
19784
19790
19794
19794
19799
19804
19810
19815
19818
19821
19822
19828
19836
19838
19842
19846
19851
19855
19859
19859
19866
19873
19882
19888
19895
19897
19906
19914
19919
19922
19925
19925
19925
19934
19935
19935
19944
19953
19961
19965
19966
19975
19977
19977
19984
19993
20001
20006
20006
20012
20019
20026
20032
20032
20041
20049
20055
20063
20070
20073
20079
20079
20083
20084
20089
20090
20099
20100
20106
20113
20116
20123
20125
20133
20142
20142
20151
20152
20158
20163
20171
20180
20186
20186
20192
20193
20196
20197
20200
20201
20206
20211
20218
20218
20224
20228
20235
20237
20237
20242
20242
20248
20257
20265
20272
20274
20274
20280
20288
20294
20302
20309
20313
20314
20314
20317
20322
20326
20332
20338
20343
20346
20353
20362
20366
20366
20371
20375
20384
20387
20395
20401
20408
20417
20417
20417
20421
20423
20432
20439
20440
20445
20446
20450
20459
20466
20467
20473
20480
20488
20488
20494
20503
20512
20513
20516
20523
20531
20538
20544
20552
20559
20561
20566
20570
20570
20574
20583
20589
20591
20598
20600
20607
20612
20614
20621
20622
20623
20626
20626
20630
20630
20630
20635
20643
20646
20655
20656
20656
20663
20666
20675
20678
20686
20689
20691
20694
20698
20703
20712
20719
20727
20732
20734
20740
20742
20748
20756
20761
20768
20777
20783
20786
20786
20786
20787
20796
20799
20806
20814
20819
20827
20829
20838
20841
20841
20843
20850
20853
20861
20864
20873
20875
20877
20880
20881
20887
20888
20891
20892
20896
20904
20907
20913
20921
20926
20934
20935
20942
20951
20952
20956
20958
20964
20970
20973
20976
20980
20982
20983
20985
20994
20999
20999
21004
21012
21021
21026
21027
21033
21040
21043
21046
21052
21052
21060
21068
21076
21081
21084
21085
21088
21088
21093
21098
21102
21103
21103
21111
21119
21121
21128
21128
21128
21130
21137
21144
21149
21155
21161
21166
21173
21178
21181
21183
21189
21196
21198
21201
21201
21209
21216
21224
21226
21234
21243
21251
21256
21256
21264
21268
21276
21285
21289
21290
21297
21303
21307
21316
21320
21324
21325
21332
21335
21341
21345
21353
21356
21360
21364
21367
21373
21380
21385
21394
21396
21399
21408
21413
21416
21420
21426
21435
21441
21445
21447
21451
21454
21461
21470
21478
21487
21487
21489
21491
21492
21494
21499
21502
21507
21516
21517
21518
21525
21526
21535
21539
21546
21548
21549
21549
21558
21561
21564
21566
21566
21568
21570
21571
21577
21582
21584
21593
21598
21605
21610
21612
21619
21622
21622
21628
21630
21630
21637
21640
21648
21657
21660
21666
21671
21671
21672
21676
21684
21692
21694
21697
21703
21711
21714
21717
21721
21729
21729
21736
21744
21750
21753
21755
21755
21759
21762
21768
21777
21783
21789
21797
21798
21807
21808
21811
21817
21818
21824
21833
21834
21834
21843
21847
21849
21857
21864
21869
21870
21874
21881
21888
21897
21903
21911
21917
21926
21930
21935
21941
21947
21950
21957
21960
21967
21971
21980
21984
21988
21989
21993
22001
22010
22011
22013
22020
22025
22030
22037
22042
22043
22043
22051
22053
22061
22069
22071
22078
22085
22092
22095
22098
22105
22110
22112
22116
22117
22123
22130
22133
22141
22141
22141
22150
22156
22163
22167
22174
22181
22188
22192
22199
22202
22204
22205
22212
22216
22223
22226
22233
22234
22238
22242
22245
22251
22251
22259
22262
22266
22273
22278
22285
22289
22296
22298
22303
22306
22307
22309
22315
22317
22325
22328
22333
22334
22335
22338
22345
22345
22347
22347
22356
22362
22362
22369
22371
22380
22384
22385
22385
22386
22387
22396
22397
22397
22398
22400
22400
22409
22411
22418
22420
22423
22432
22438
22443
22445
22447
22450
22453
22456
22458
22458
22465
22471
22476
22484
22493
22493
22498
22505
22506
22512
22512
22519
22519
22519
22523
22527
22531
22534
22540
22542
22546
22547
22551
22554
22557
22564
22567
22570
22573
22579
22588
22595
22600
22602
22609
22617
22619
22627
22627
22627
22627
22627
22627
22635
22639
22643
22649
22655
22662
22670
22672
22679
22682
22686
22694
22697
22706
22706
22713
22713
22713
22714
22716
22723
22732
22738
22741
22743
22752
22759
22764
22766
22775
22777
22779
22780
22789
22790
22796
22801
22801
22801
22802
22807
22811
22812
22816
22816
22817
22817
22826
22829
22835
22844
22853
22855
22862
22862
22862
22866
22875
22880
22888
22896
22896
22897
22900
22902
22906
22913
22922
22924
22928
22934
22937
22938
22946
22954
22958
22966
22967
22969
22976
22985
22991
22999
23003
23003
23006
23010
23010
23019
23027
23033
23035
23042
23049
23051
23060
23060
23060
23066
23068
23077
23084
23093
23097
23106
23110
23114
23122
23123
23123
23128
23131
23133
23133
23133
23133
23142
23143
23147
23155
23157
23164
23170
23171
23172
23181
23188
23188
23195
23196
23196
23196
23202
23205
23207
23210
23214
23223
23232
23236
23239
23242
23244
23246
23251
23252
23253
23259
23263
23272
23276
23279
23282
23291
23297
23302
23303
23304
23305
23305
23307
23316
23317
23325
23334
23343
23345
23352
23361
23365
23371
23374
23383
23385
23391
23400
23401
23404
23411
23415
23417
23424
23425
23434
23441
23446
23454
23454
23458
23463
23470
23473
23481
23488
23497
23501
23503
23503
23510
23518
23526
23526
23528
23528
23532
23534
23538
23540
23546
23554
23561
23561
23564
23571
23571
23571
23574
23583
23583
23585
23590
23592
23600
23603
23609
23613
23616
23621
23621
23627
23627
23632
23632
23635
23636
23641
23649
23651
23655
23662
23665
23670
23673
23682
23689
23694
23695
23700
23709
23712
23712
23717
23725
23729
23732
23733
23738
23741
23750
23757
23762
23766
23775
23776
23778
23780
23789
23789
23792
23798
23799
23800
23801
23801
23810
23817
23825
23832
23836
23841
23849
23851
23859
23859
23862
23871
23877
23881
23888
23892
23899
23907
23909
23910
23914
23916
23916
23921
23924
23925
23934
23941
23945
23954
23956
23965
23972
23977
23981
23989
23997
23997
24002
24009
24015
24022
24024
24024
24024
24032
24038
24038
24042
24046
24051
24056
24061
24065
24066
24075
24077
24086
24088
24097
24105
24106
24107
24112
24121
24122
24128
24132
24139
24147
24155
24158
24165
24173
24179
24184
24186
24195
24200
24207
24210
24212
24212
24221
24223
24227
24229
24235
24235
24240
24249
24249
24252
24256
24263
24268
24270
24271
24276
24282
24290
24296
24298
24303
24308
24313
24319
24328
24335
24339
24344
24350
24354
24363
24363
24366
24368
24375
24377
24380
24380
24389
24390
24392
24392
24395
24397
24402
24410
24412
24419
24425
24433
24436
24438
24447
24451
24460
24463
24469
24469
24477
24480
24485
24485
24488
24490
24490
24493
24500
24509
24513
24513
24518
24526
24535
24538
24540
24541
24549
24550
24552
24554
24555
24562
24568
24575
24584
24592
24595
24602
24608
24608
24608
24610
24619
24622
24631
24632
24634
24636
24642
24643
24648
24655
24655
24663
24668
24674
24679
24688
24696
24699
24705
24713
24716
24722
24725
24734
24734
24741
24748
24751
24756
24760
24768
24768
24773
24776
24779
24781
24781
24783
24788
24794
24801
24810
24813
24820
24826
24829
24830
24836
24836
24842
24846
24849
24857
24864
24864
24864
24873
24877
24881
24885
24890
24892
24896
24900
24906
24913
24920
24922
24930
24935
24942
24945
24953
24962
24966
24969
24969
24972
24977
24984
24989
24991
24997
25005
25005
25011
25017
25021
25028
25035
25037
25043
25043
25052
25059
25059
25062
25065
25067
25069
25075
25079
25080
25084
25090
25092
25093
25094
25099
25107
25107
25116
25116
25118
25120
25125
25130
25138
25142
25144
25150
25158
25159
25162
25166
25168
25176
25177
25184
25188
25188
25191
25191
25196
25201
25206
25206
25208
25216
25217
25226
25231
25239
25242
25247
25251
25259
25263
25270
25278
25287
25293
25296
25299
25303
25306
25306
25307
25310
25312
25315
25322
25322
25330
25334
25342
25347
25354
25359
25360
25368
25371
25371
25379
25386
25393
25402
25404
25405
25407
25413
25419
25422
25426
25428
25428
25431
25439
25447
25448
25450
25459
25463
25468
25468
25475
25479
25487
25487
25488
25497
25501
25507
25507
25509
25517
25517
25524
25525
25530
25534
25543
25549
25550
25554
25559
25559
25565
25566
25573
25578
25583
25589
25591
25596
25603
25607
25615
25623
25625
25628
25632
25632
25633
25633
25635
25643
25649
25654
25655
25655
25661
25667
25672
25681
25685
25686
25694
25695
25698
25699
25699
25706
25708
25710
25711
25712
25717
25721
25726
25730
25732
25740
25749
25758
25762
25762
25769
25771
25779
25780
25786
25794
25799
25807
25814
25815
25823
25826
25828
25832
25836
25842
25850
25858
25861
25866
25872
25877
25877
25877
25883
25891
25894
25895
25903
25903
25906
25909
25915
25918
25919
25920
25920
25925
25934
25940
25949
25955
25955
25961
25961
25969
25975
25978
25981
25986
25991
25992
25996
25999
26007
26016
26025
26032
26038
26038
26047
26050
26058
26059
26066
26069
26077
26082
26083
26085
26087
26091
26098
26107
26108
26110
26110
26118
26126
26135
26140
26142
26145
26147
26151
26159
26166
26174
26178
26183
26189
26198
26201
26208
26209
26211
26219
26228
26234
26234
26236
26239
26243
26248
26256
26265
26270
26276
26276
26277
26284
26292
26297
26297
26306
26307
26308
26316
26319
26325
26329
26334
26338
26344
26345
26345
26347
26351
26355
26364
26366
26367
26367
26373
26381
26384
26384
26392
26401
26410
26413
26419
26428
26436
26439
26441
26445
26454
26454
26458
26465
26468
26471
26474
26477
26483
26489
26494
26496
26499
26502
26503
26505
26513
26519
26520
26522
26530
26535
26538
26544
26549
26552
26558
26567
26576
26581
26589
26598
26607
26608
26616
26619
26619
26628
26636
26639
26643
26648
26648
26655
26658
26665
26674
26681
26684
26687
26689
26694
26701
26709
26717
26724
26725
26729
26733
26740
26749
26756
26756
26761
26770
26770
26771
26771
26771
26778
26784
26789
26790
26796
26799
26804
26813
26820
26824
26830
26839
26848
26848
26852
26854
26857
26862
26867
26871
26877
26878
26878
26880
26883
26887
26896
26899
26902
26906
26911
26919
26922
26922
26924
26925
26925
26932
26933
26936
26943
26950
26956
26957
26966
26969
26976
26985
26987
26991
26999
27001
27009
27014
27016
27016
27018
27018
27025
27026
27030
27036
27041
27048
27049
27058
27061
27069
27075
27081
27081
27088
27095
27102
27102
27111
27118
27125
27127
27135
27137
27139
27140
27145
27148
27157
27163
27171
27172
27178
27184
27188
27191
27198
27203
27205
27207
27212
27217
27223
27227
27229
27233
27234
27239
27246
27249
27253
27261
27262
27264
27269
27278
27287
27294
27298
27306
27307
27310
27312
27318
27326
27331
27334
27334
27335
27344
27352
27356
27356
27360
27366
27375
27383
27387
27387
27387
27392
27398
27402
27405
27414
27417
27423
27428
27428
27435
27437
27438
27438
27441
27447
27454
27456
27461
27462
27466
27473
27479
27479
27484
27488
27495
27502
27508
27511
27513
27522
27525
27534
27537
27540
27540
27548
27551
27554
27558
27567
27573
27582
27583
27587
27587
27590
27598
27604
27605
27614
27617
27625
27627
27628
27628
27631
27639
27645
27650
27652
27657
27657
27666
27673
27678
27687
27696
27696
27704
27709
27718
27718
27722
27724
27731
27733
27739
27746
27753
27756
27759
27762
27767
27769
27772
27775
27780
27783
27784
27793
27794
27796
27799
27799
27799
27801
27804
27804
27804
27812
27816
27819
27823
27824
27826
27828
27835
27839
27844
27844
27847
27847
27847
27856
27863
27866
27871
27880
27880
27884
27886
27890
27899
27900
27909
27916
27919
27920
27921
27921
27924
27926
27927
27935
27940
27941
27947
27956
27958
27960
27968
27969
27974
27975
27980
27987
27989
27989
27994
28003
28009
28013
28022
28027
28034
28040
28042
28047
28048
28056
28062
28063
28070
28073
28079
28086
28089
28095
28097
28102
28107
28116
28125
28130
28130
28139
28142
28146
28151
28153
28160
28169
28174
28183
28190
28194
28202
28205
28213
28214
28218
28222
28230
28239
28242
28244
28245
28254
28258
28261
28267
28268
28268
28269
28277
28282
28284
28286
28287
28290
28292
28294
28297
28299
28300
28306
28310
28313
28316
28319
28324
28333
28333
28338
28341
28345
28347
28347
28347
28351
28357
28363
28371
28379
28383
28389
28397
28397
28398
28401
28410
28415
28417
28417
28426
28433
28437
28443
28446
28447
28449
28454
28456
28462
28469
28478
28483
28484
28490
28498
28507
28514
28518
28519
28526
28534
28538
28547
28556
28556
28557
28565
28567
28571
28579
28586
28589
28597
28600
28609
28610
28615
28621
28629
28637
28641
28646
28647
28653
28659
28663
28672
28680
28680
28682
28683
28686
28687
28687
28694
28700
28705
28712
28714
28723
28731
28739
28748
28754
28763
28769
28775
28779
28780
28782
28790
28793
28798
28799
28804
28809
28809
28818
28822
28822
28831
28833
28833
28836
28840
28843
28848
28854
28863
28867
28868
28869
28874
28875
28882
28882
28887
28894
28903
28912
28921
28927
28927
28929
28933
28941
28943
28947
28953
28955
28957
28958
28967
28976
28977
28983
28985
28993
28995
29000
29004
29007
29014
29023
29026
29030
29037
29040
29040
29049
29049
29058
29062
29071
29074
29080
29088
29090
29092
29096
29104
29111
29115
29124
29128
29137
29140
29146
29146
29150
29152
29155
29162
29162
29164
29172
29176
29184
29184
29189
29189
29195
29197
29200
29209
29213
29217
29222
29223
29231
29240
29240
29248
29252
29254
29260
29265
29269
29275
29277
29279
29280
29282
29291
29297
29300
29306
29313
29316
29317
29318
29322
29328
29337
29340
29340
29341
29347
29351
29351
29358
29367
29372
29377
29382
29389
29389
29391
29400
29406
29407
29410
29414
29420
29420
29424
29425
29425
29434
29438
29438
29447
29454
29462
29463
29465
29473
29482
29488
29497
29499
29508
29513
29513
29513
29513
29519
29519
29522
29529
29531
29531
29540
29546
29549
29555
29564
29568
29569
29578
29587
29595
29599
29606
29609
29616
29621
29630
29631
29636
29638
29643
29643
29648
29655
29662
29662
29663
29672
29674
29679
29679
29687
29696
29702
29710
29714
29723
29724
29732
29733
29736
29738
29744
29748
29753
29755
29763
29767
29769
29775
29775
29783
29785
29791
29799
29805
29811
29819
29824
29825
29831
29837
29842
29847
29849
29849
29853
29857
29857
29858
29859
29868
29869
29875
29877
29885
29890
29893
29898
29902
29903
29908
29913
29920
29921
29927
29935
29943
29946
29954
29957
29960
29962
29970
29970
29972
29981
29988
29997
30004
30005
30010
30013
30014
30015
30017
30020
30025
30028
30033
30033
30039
30040
30042
30043
30044
30046
30048
30050
30057
30060
30061
30069
30070
30075
30083
30084
30087
30096
30097
30100
30107
30112
30118
30121
30129
30130
30136
30145
30148
30156
30157
30165
30168
30174
30177
30177
30179
30186
30193
30193
30195
30197
30206
30213
30214
30223
30229
30229
30233
30238
30240
30249
30254
30256
30264
30266
30268
30269
30278
30278
30283
30292
30298
30306
30311
30314
30323
30332
30337
30340
30348
30356
30358
30364
30368
30375
30375
30380
30380
30388
30395
30396
30396
30396
30404
30408
30408
30410
30415
30420
30429
30431
30439
30446
30449
30457
30463
30469
30469
30469
30478
30487
30495
30495
30498
30506
30513
30513
30520
30524
30525
30528
30536
30543
30543
30546
30552
30557
30558
30561
30561
30569
30576
30577
30579
30587
30587
30588
30593
30600
30603
30606
30610
30614
30623
30629
30638
30646
30650
30653
30653
30662
30666
30669
30678
30685
30686
30687
30692
30698
30702
30709
30709
30713
30716
30718
30725
30728
30728
30731
30734
30737
30745
30748
30753
30754
30756
30760
30761
30761
30767
30774
30778
30783
30791
30793
30800
30803
30810
30810
30814
30822
30826
30834
30841
30842
30850
30859
30859
30864
30873
30876
30884
30890
30895
30902
30907
30909
30910
30919
30926
30931
30937
30939
30947
30947
30949
30957
30965
30965
30966
30975
30983
30989
30993
31000
31003
31005
31008
31013
31015
31017
31025
31034
31034
31034
31041
31046
31052
31052
31055
31056
31059
31060
31068
31076
31076
31082
31091
31095
31103
31110
31113
31120
31121
31129
31130
31130
31137
31138
31142
31147
31154
31155
31160
31160
31166
31175
31183
31190
31192
31200
31208
31215
31223
31229
31230
31236
31240
31246
31252
31260
31262
31264
31273
31274
31274
31280
31286
31293
31300
31309
31318
31318
31326
31333
31336
31341
31343
31345
31346
31351
31359
31361
31366
31372
31379
31386
31388
31394
31403
31406
31408
31412
31418
31422
31422
31424
31426
31435
31435
31435
31437
31437
31445
31454
31459
31468
31469
31469
31475
31484
31493
31493
31502
31510
31515
31520
31522
31522
31531
31538
31544
31552
31554
31554
31562
31570
31574
31580
31583
31592
31593
31596
31601
31601
31606
31610
31619
31624
31624
31629
31638
31640
31642
31645
31646
31655
31658
31658
31665
31666
31670
31670
31677
31685
31687
31693
31693
31696
31704
31708
31709
31709
31718
31721
31724
31731
31739
31745
31752
31753
31754
31757
31760
31762
31771
31773
31774
31779
31788
31790
31793
31795
31797
31800
31802
31805
31814
31819
31827
31828
31828
31837
31840
31842
31849
31857
31858
31859
31864
31868
31877
31886
31893
31893
31902
31911
31920
31921
31929
31929
31938
31943
31945
31953
31955
31958
31958
31958
31959
31966
31972
31980
31982
31988
31990
31996
31997
31997
32003
32010
32018
32023
32030
32034
32041
32042
32044
32053
32059
32066
32074
32082
32090
32095
32097
32103
32109
32112
32120
32128
32129
32129
32136
32140
32142
32150
32156
32163
32171
32172
32179
32186
32193
32201
32209
32215
32217
32225
32229
32234
32234
32242
32243
32244
32249
32255
32264
32269
32275
32275
32280
32281
32282
32284
32287
32289
32291
32294
32296
32304
32311
32316
32319
32319
32320
32323
32324
32325
32332
32337
32344
32345
32346
32352
32352
32353
32353
32360
32363
32372
32376
32377
32386
32390
32390
32391
32399
32406
32412
32414
32423
32432
32440
32447
32452
32452
32457
32462
32470
32478
32487
32487
32496
32499
32500
32505
32509
32515
32524
32530
32537
32538
32543
32552
32558
32560
32569
32574
32582
32588
32596
32598
32603
32612
32620
32629
32630
32631
32638
32643
32643
32645
32646
32652
32655
32657
32666
32672
32681
32681
32682
32690
32698
32706
32711
32720
32729
32732
32741
32741
32749
32754
32756
32760
32768
32777
32782
32783
32787
32789
32789
32797
32805
32805
32805
32807
32815
32819
32827
32828
32830
32839
32844
32851
32856
32858
32867
32876
32879
32880
32886
32887
32892
32901
32908
32917
32918
32919
32919
32922
32926
32931
32939
32948
32950
32956
32961
32961
32965
32974
32978
32983
32983
32986
32994
32995
33002
33003
33004
33012
33015
33020
33028
33034
33039
33044
33045
33045
33054
33058
33066
33071
33076
33082
33082
33086
33092
33098
33104
33104
33105
33114
33114
33121
33126
33128
33128
33137
33145
33148
33150
33151
33160
33165
33173
33182
33185
33188
33197
33204
33210
33211
33219
33220
33220
33225
33231
33233
33240
33246
33250
33250
33252
33257
33260
33266
33271
33275
33281
33290
33294
33302
33304
33305
33306
33308
33309
33318
33323
33331
33340
33347
33353
33356
33359
33365
33373
33380
33385
33394
33402
33405
33414
33416
33421
33422
33425
33433
33436
33443
33451
33457
33461
33462
33465
33466
33466
33470
33470
33472
33481
33490
33490
33497
33497
33499
33505
33509
33510
33514
33521
33526
33529
33534
33538
33545
33551
33558
33559
33561
33567
33570
33575
33583
33589
33590
33591
33596
33598
33607
33611
33615
33615
33618
33626
33626
33635
33637
33643
33646
33655
33657
33657
33665
33665
33666
33675
33680
33684
33690
33699
33703
33707
33708
33713
33722
33730
33734
33742
33744
33748
33748
33755
33756
33761
33761
33763
33770
33776
33777
33782
33791
33796
33802
33802
33806
33810
33811
33812
33818
33826
33828
33829
33833
33834
33837
33844
33845
33852
33861
33863
33866
33873
33877
33884
33893
33901
33905
33912
33918
33927
33931
33934
33934
33937
33937
33944
33944
33944
33944
33953
33957
33961
33966
33973
33979
33985
33994
34002
34009
34012
34019
34028
34035
34038
34041
34046
34052
34057
34059
34062
34068
34070
34073
34076
34077
34086
34091
34100
34108
34117
34120
34128
34129
34131
34135
34143
34145
34145
34149
34158
34164
34172
34179
34180
34185
34190
34196
34198
34204
34207
34215
34216
34222
34222
34228
34237
34245
34245
34252
34254
34257
34260
34260
34265
34267
34268
34277
34279
34284
34284
34285
34294
34296
34298
34305
34311
34318
34323
34327
34334
34338
34338
34342
34344
34351
34353
34357
34366
34369
34370
34371
34377
34381
34389
34397
34398
34405
34407
34413
34417
34418
34426
34435
34436
34443
34446
34455
34457
34463
34469
34474
34480
34488
34490
34493
34497
34499
34506
34512
34512
34514
34522
34530
34531
34536
34545
34551
34556
34560
34563
34563
34569
34576
34582
34582
34584
34585
34592
34595
34602
34611
34611
34615
34623
34631
34635
34636
34643
34649
34650
34653
34653
34654
34659
34660
34668
34673
34674
34683
34683
34686
34694
34701
34702
34708
34717
34720
34729
34733
34734
34740
34741
34748
34756
34758
34758
34762
34767
34769
34771
34776
34778
34779
34787
34796
34799
34799
34806
34806
34807
34808
34817
34823
34825
34830
34837
34846
34846
34851
34852
34861
34866
34868
34871
34880
34889
34891
34900
34904
34909
34917
34925
34925
34930
34931
34940
34946
34954
34957
34964
34972
34981
34990
34999
35001
35010
35014
35023
35028
35029
35033
35037
35043
35052
35061
35064
35071
35074
35077
35086
35087
35091
35092
35095
35095
35098
35104
35110
35116
35124
35133
35133
35136
35139
35145
35154
35155
35164
35167
35172
35172
35176
35181
35189
35192
35195
35201
35203
35205
35210
35213
35221
35224
35230
35238
35241
35244
35246
35252
35256
35265
35269
35269
35278
35281
35283
35285
35288
35293
35300
35307
35308
35309
35312
35319
35327
35327
35333
35336
35342
35349
35350
35354
35357
35357
35359
35367
35371
35375
35383
35385
35387
35396
35403
35409
35413
35420
35429
35435
35437
35443
35448
35455
35456
35461
35469
35475
35481
35482
35491
35495
35499
35508
35509
35516
35525
35525
35532
35535
35540
35543
35545
35550
35551
35554
35557
35563
35571
35574
35580
35585
35587
35589
35596
35605
35612
35617
35622
35631
35635
35640
35644
35650
35658
35659
35659
35668
35673
35676
35679
35680
35682
35683
35690
35698
35704
35707
35711
35711
35715
35715
35718
35723
35723
35732
35733
35736
35736
35738
35741
35748
35751
35753
35755
35758
35761
35762
35771
35780
35786
35794
35794
35798
35800
35800
35803
35810
35814
35819
35820
35826
35828
35835
35840
35849
35851
35857
35862
35863
35869
35871
35872
35874
35883
35883
35888
35893
35901
35901
35908
35908
35912
35919
35926
35928
35937
35937
35940
35947
35947
35948
35948
35954
35954
35961
35962
35964
35971
35972
35975
35975
35977
35985
35993
36002
36003
36004
36013
36014
36021
36028
36036
36044
36047
36048
36053
36055
36059
36059
36067
36069
36072
36073
36073
36073
36081
36084
36093
36095
36099
36101
36101
36102
36111
36116
36124
36131
36135
36136
36145
36146
36152
36159
36161
36170
36176
36179
36183
36183
36190
36196
36200
36201
36207
36212
36219
36224
36228
36233
36241
36241
36241
36248
36256
36257
36266
36266
36269
36278
36287
36290
36294
36295
36304
36313
36322
36322
36324
36328
36330
36330
36334
36343
36348
36357
36357
36364
36369
36371
36371
36375
36376
36383
36391
36397
36400
36406
36406
36414
36423
36430
36437
36442
36442
36445
36453
36461
36466
36471
36477
36477
36482
36489
36498
36499
36501
36503
36512
36516
36521
36524
36528
36531
36539
36539
36546
36546
36548
36548
36554
36559
36568
36574
36583
36592
36597
36603
36607
36616
36616
36618
36618
36620
36628
36629
36633
36638
36638
36640
36646
36654
36660
36666
36666
36675
36678
36681
36689
36690
36699
36700
36705
36707
36715
36716
36722
36725
36727
36734
36738
36744
36745
36746
36749
36757
36759
36762
36767
36769
36770
36771
36780
36783
36783
36784
36784
36791
36796
36801
36801
36810
36818
36827
36834
36840
36845
36849
36852
36859
36866
36871
36873
36879
36885
36886
36891
36895
36900
36909
36917
36925
36925
36928
36933
36937
36946
36954
36963
36970
36971
36974
36976
36978
36983
36992
37000
37006
37010
37010
37019
37028
37034
37040
37043
37043
37049
37050
37051
37057
37058
37065
37070
37072
37078
37080
37088
37096
37104
37112
37118
37124
37133
37142
37143
37149
37149
37152
37152
37159
37168
37174
37181
37190
37194
37199
37203
37205
37213
37221
37230
37233
37242
37242
37248
37253
37258
37258
37267
37272
37279
37285
37286
37295
37303
37303
37309
37312
37317
37320
37327
37330
37336
37342
37344
37348
37348
37351
37360
37363
37371
37379
37385
37386
37395
37396
37399
37407
37416
37417
37424
37424
37429
37432
37441
37448
37455
37455
37459
37463
37467
37467
37470
37473
37480
37487
37491
37493
37501
37503
37504
37507
37512
37520
37527
37536
37539
37542
37550
37552
37559
37566
37567
37572
37576
37579
37579
37584
37590
37598
37598
37605
37608
37610
37616
37620
37620
37628
37634
37637
37641
37641
37643
37651
37660
37665
37672
37681
37681
37682
37691
37696
37704
37706
37708
37713
37715
37717
37718
37719
37724
37731
37731
37739
37743
37747
37748
37757
37765
37772
37776
37782
37784
37785
37794
37803
37807
37814
37819
37820
37825
37833
37834
37840
37844
37852
37861
37869
37875
37879
37887
37895
37898
37898
37901
37901
37902
37910
37912
37917
37917
37918
37925
37930
37937
37942
37950
37951
37959
37960
37964
37968
37972
37981
37983
37991
37992
37995
37996
38003
38009
38009
38015
38023
38028
38036
38039
38043
38051
38059
38065
38070
38072
38077
38082
38086
38088
38091
38095
38095
38098
38102
38111
38112
38121
38121
38122
38124
38126
38130
38131
38138
38141
38146
38155
38156
38159
38162
38168
38176
38182
38185
38192
38200
38208
38216
38217
38220
38229
38229
38234
38237
38238
38244
38247
38247
38256
38263
38268
38277
38279
38284
38286
38290
38294
38294
38301
38306
38306
38312
38313
38320
38325
38334
38336
38344
38349
38351
38354
38360
38364
38368
38369
38374
38383
38389
38398
38404
38407
38414
38422
38430
38430
38432
38437
38439
38444
38453
38459
38461
38466
38469
38475
38476
38477
38477
38484
38488
38492
38499
38508
38515
38521
38521
38527
38532
38538
38541
38546
38555
38564
38564
38565
38567
38573
38577
38578
38582
38588
38596
38598
38603
38607
38616
38619
38619
38620
38624
38624
38625
38629
38632
38636
38638
38638
38641
38645
38653
38655
38658
38660
38668
38669
38672
38679
38684
38688
38694
38700
38702
38705
38706
38709
38715
38720
38727
38730
38739
38739
38740
38749
38752
38755
38758
38764
38768
38774
38778
38783
38788
38797
38802
38808
38817
38817
38819
38827
38835
38838
38838
38841
38843
38850
38858
38861
38867
38868
38871
38880
38888
38894
38898
38906
38907
38912
38913
38922
38923
38925
38930
38933
38935
38942
38948
38948
38957
38957
38960
38960
38966
38974
38977
38981
38983
38990
38992
39000
39004
39005
39005
39011
39011
39018
39018
39021
39026
39029
39032
39034
39043
39043
39047
39055
39061
39067
39074
39076
39083
39088
39089
39094
39101
39103
39103
39105
39105
39112
39114
39118
39126
39131
39136
39141
39141
39147
39152
39160
39161
39163
39171
39173
39179
39188
39189
39194
39196
39198
39201
39204
39213
39219
39227
39232
39236
39241
39243
39250
39252
39261
39265
39273
39280
39287
39290
39291
39298
39305
39306
39309
39312
39312
39317
39324
39330
39338
39341
39347
39352
39358
39358
39365
39366
39366
39372
39374
39375
39376
39384
39390
39392
39395
39401
39401
39404
39408
39408
39411
39415
39415
39423
39427
39428
39435
39440
39447
39451
39456
39458
39466
39472
39477
39477
39478
39478
39483
39488
39488
39497
39506
39510
39514
39519
39523
39525
39526
39532
39537
39544
39545
39546
39548
39552
39553
39555
39557
39560
39565
39565
39565
39571
39580
39586
39589
39595
39598
39602
39603
39605
39612
39612
39618
39626
39632
39633
39638
39642
39649
39653
39661
39668
39671
39672
39680
39686
39690
39690
39692
39695
39698
39698
39698
39700
39707
39716
39718
39725
39731
39740
39748
39755
39758
39762
39762
39771
39775
39775
39775
39782
39791
39798
39804
39804
39812
39812
39818
39822
39827
39833
39840
39845
39854
39858
39858
39866
39873
39881
39883
39891
39894
39895
39900
39902
39905
39905
39912
39920
39926
39932
39938
39941
39944
39952
39960
39965
39971
39973
39973
39981
39989
39998
39998
40004
40010
40010
40018
40018
40027
40029
40038
40045
40050
40052
40055
40063
40068
40072
40076
40080
40085
40088
40091
40093
40093
40100
40106
40111
40116
40125
40126
40131
40137
40137
40143
40144
40152
40161
40163
40170
40175
40184
40185
40190
40195
40203
40205
40206
40210
40216
40220
40228
40234
40236
40241
40246
40249
40258
40261
40269
40271
40277
40280
40287
40294
40300
40301
40302
40306
40311
40317
40326
40333
40336
40341
40344
40352
40359
40363
40370
40378
40387
40390
40396
40403
40404
40405
40409
40409
40414
40419
40426
40429
40438
40441
40446
40450
40457
40460
40465
40465
40473
40474
40476
40476
40477
40483
40484
40485
40491
40499
40499
40499
40505
40513
40518
40518
40524
40529
40530
40536
40542
40544
40545
40552
40555
40558
40565
40565
40571
40580
40585
40593
40599
40607
40614
40617
40620
40624
40632
40638
40641
40648
40651
40651
40652
40652
40654
40654
40663
40667
40676
40680
40683
40685
40685
40686
40689
40694
40697
40700
40700
40708
40712
40719
40720
40729
40731
40737
40739
40746
40749
40756
40762
40767
40768
40770
40770
40777
40780
40780
40781
40789
40789
40793
40801
40802
40803
40809
40815
40815
40822
40826
40828
40834
40839
40846
40850
40854
40855
40858
40861
40867
40870
40873
40877
40877
40882
40890
40897
40898
40904
40913
40913
40914
40918
40922
40922
40925
40926
40929
40934
40939
40942
40942
40943
40947
40947
40947
40954
40955
40957
40957
40963
40965
40967
40967
40967
40967
40968
40969
40970
40971
40977
40982
40989
40995
40995
40998
40998
40999
41000
41009
41013
41019
41021
41024
41029
41038
41044
41051
41051
41060
41060
41061
41061
41065
41068
41068
41076
41076
41079
41084
41085
41091
41092
41099
41106
41106
41108
41108
41111
41119
41124
41131
41131
41132
41141
41150
41153
41156
41164
41169
41176
41179
41183
41188
41197
41197
41197
41197
41202
41207
41214
41219
41224
41228
41231
41236
41243
41248
41252
41261
41269
41273
41280
41288
41293
41298
41300
41306
41314
41318
41320
41321
41327
41330
41335
41342
41343
41347
41349
41351
41352
41357
41361
41365
41372
41374
41382
41386
41386
41395
41396
41398
41403
41404
41411
41418
41421
41427
41430
41436
41441
41446
41454
41458
41463
41465
41472
41477
41483
41484
41484
41489
41496
41496
41505
41507
41507
41512
41520
41528
41534
41535
41538
41539
41546
41553
41553
41556
41557
41560
41564
41571
41580
41583
41592
41592
41599
41603
41604
41604
41610
41614
41614
41620
41629
41636
41643
41647
41651
41652
41659
41659
41661
41670
41674
41683
41690
41690
41694
41699
41708
41708
41713
41718
41719
41727
41732
41733
41737
41740
41746
41749
41753
41760
41760
41766
41770
41770
41770
41778
41786
41788
41789
41796
41804
41813
41816
41820
41822
41826
41829
41829
41837
41842
41847
41848
41851
41854
41859
41859
41861
41863
41867
41873
41877
41885
41885
41887
41890
41897
41903
41907
41912
41919
41921
41921
41925
41933
41937
41940
41943
41949
41953
41956
41965
41970
41972
41978
41978
41983
41992
41999
42006
42007
42016
42024
42025
42029
42031
42034
42040
42042
42045
42047
42052
42055
42055
42055
42061
42070
42075
42079
42085
42088
42092
42092
42098
42098
42101
42105
42106
42110
42115
42117
42118
42119
42126
42133
42139
42145
42145
42150
42157
42164
42173
42177
42186
42192
42192
42192
42197
42201
42209
42209
42217
42220
42224
42224
42229
42230
42232
42234
42234
42240
42248
42252
42255
42261
42265
42266
42268
42274
42282
42288
42296
42296
42299
42306
42308
42312
42315
42318
42327
42334
42336
42341
42344
42346
42353
42358
42363
42366
42375
42381
42388
42394
42403
42412
42417
42419
42426
42428
42434
42441
42447
42447
42452
42459
42463
42464
42469
42469
42478
42486
42491
42492
42499
42504
42511
42512
42515
42522
42526
42530
42530
42531
42538
42547
42551
42555
42558
42562
42565
42569
42571
42579
42587
42596
42601
42601
42603
42606
42611
42620
42623
42627
42631
42638
42647
42653
42659
42662
42662
42667
42669
42675
42680
42689
42689
42698
42700
42702
42707
42714
42716
42719
42724
42733
42737
42741
42747
42748
42755
42755
42760
42764
42765
42765
42768
42773
42776
42782
42788
42795
42796
42803
42804
42811
42818
42825
42832
42836
42844
42852
42853
42856
42857
42864
42864
42869
42871
42875
42881
42889
42898
42900
42906
42915
42919
42928
42929
42938
42943
42950
42950
42953
42953
42962
42965
42965
42966
42973
42978
42981
42981
42990
42997
42997
42998
42998
43000
43008
43012
43016
43022
43027
43035
43037
43037
43045
43054
43063
43067
43076
43083
43092
43096
43097
43104
43112
43114
43118
43121
43128
43133
43140
43141
43149
43153
43158
43165
43171
43173
43181
43184
43192
43194
43203
43208
43215
43219
43227
43236
43245
43248
43252
43252
43258
43261
43265
43271
43278
43278
43279
43286
43287
43292
43293
43293
43294
43298
43298
43303
43308
43314
43317
43318
43325
43330
43330
43330
43335
43340
43340
43346
43347
43351
43360
43364
43366
43368
43373
43379
43380
43382
43383
43390
43391
43393
43394
43400
43406
43409
43415
43424
43429
43434
43439
43447
43448
43456
43460
43465
43471
43472
43479
43481
43487
43490
43496
43503
43506
43515
43519
43525
43534
43538
43544
43545
43546
43546
43547
43555
43564
43565
43568
43571
43575
43577
43581
43588
43597
43604
43612
43615
43617
43624
43633
43638
43642
43647
43654
43654
43659
43664
43671
43678
43680
43688
43695
43697
43700
43703
43703
43709
43713
43717
43718
43724
43730
43736
43737
43744
43745
43753
43758
43762
43767
43776
43784
43790
43790
43796
43796
43799
43808
43810
43815
43822
43829
43834
43839
43840
43841
43846
43855
43857
43861
43862
43869
43869
43876
43882
43887
43892
43896
43904
43913
43917
43921
43930
43933
43940
43940
43949
43955
43957
43962
43968
43969
43974
43976
43978
43984
43992
43995
44004
44010
44011
44013
44013
44021
44030
44034
44040
44040
44043
44052
44055
44063
44067
44069
44078
44083
44089
44093
44094
44098
44102
44110
44118
44124
44132
44134
44143
44151
44151
44156
44163
44169
44177
44180
44181
44185
44193
44198
44199
44203
44208
44215
44221
44221
44227
44228
44235
44239
44243
44252
44254
44256
44259
44267
44272
44272
44278
44281
44284
44288
44296
44299
44302
44310
44318
44319
44325
44328
44335
44344
44352
44352
44353
44356
44362
44362
44362
44370
44376
44382
44385
44386
44386
44390
44397
44401
44404
44407
44407
44415
44417
44418
44427
44431
44435
44440
44440
44447
44452
44460
44468
44471
44477
44484
44486
44494
44494
44501
44506
44510
44514
44514
44515
44517
44521
44526
44533
44539
44542
44548
44555
44555
44564
44567
44568
44568
44569
44569
44577
44580
44587
44590
44590
44597
44601
44603
44607
44610
44619
44622
44631
44638
44644
44653
44661
44663
44665
44669
44670
44674
44682
44684
44691
44696
44696
44702
44708
44716
44716
44724
44731
44731
44735
44736
44741
44745
44751
44754
44762
44767
44772
44774
44776
44776
44777
44782
44791
44800
44800
44809
44818
44820
44821
44829
44834
44842
44844
44850
44854
44856
44859
44861
44870
44878
44878
44884
44885
44888
44889
44893
44893
44894
44897
44906
44913
44916
44918
44925
44926
44934
44934
44936
44937
44942
44943
44945
44945
44950
44954
44960
44964
44965
44965
44968
44977
44977
44986
44992
45001
45007
45016
45020
45029
45037
45040
45049
45057
45058
45062
45068
45071
45080
45088
45089
45092
45098
45105
45105
45107
45109
45111
45114
45114
45115
45123
45126
45130
45130
45135
45135
45144
45151
45153
45155
45159
45162
45167
45167
45172
45178
45183
45189
45190
45194
45200
45201
45201
45208
45213
45217
45217
45223
45227
45234
45236
45238
45238
45240
45240
45248
45255
45261
45266
45268
45270
45278
45283
45292
45297
45303
45304
45311
45315
45318
45322
45326
45331
45336
45337
45345
45347
45352
45357
45359
45364
45364
45365
45371
45379
45379
45384
45387
45388
45391
45396
45401
45402
45407
45410
45417
45424
45433
45437
45441
45441
45445
45448
45452
45461
45470
45478
45484
45487
45493
45494
45503
45506
45513
45520
45522
45524
45526
45531
45533
45542
45542
45546
45546
45546
45547
45554
45557
45561
45561
45569
45570
45574
45582
45582
45587
45590
45595
45604
45610
45619
45619
45624
45626
45629
45636
45642
45651
45653
45658
45658
45660
45663
45671
45678
45679
45684
45690
45698
45704
45704
45712
45721
45727
45736
45739
45743
45752
45752
45760
45764
45772
45779
45781
45781
45787
45791
45793
45798
45807
45812
45820
45829
45837
45838
45838
45841
45848
45853
45853
45855
45862
45867
45868
45868
45875
45877
45881
45889
45892
45899
45902
45907
45909
45910
45910
45917
45919
45926
45926
45930
45930
45930
45930
45937
45939
45940
45949
45953
45960
45961
45964
45970
45973
45982
45985
45988
45996
45997
46001
46007
46013
46013
46013
46022
46026
46028
46034
46039
46040
46049
46056
46065
46066
46071
46071
46080
46088
46088
46091
46098
46107
46116
46121
46128
46128
46129
46134
46142
46147
46154
46157
46162
46169
46174
46175
46177
46178
46179
46187
46195
46197
46201
46207
46212
46217
46225
46230
46231
46240
46240
46240
46245
46247
46247
46247
46252
46257
46260
46262
46264
46267
46270
46273
46281
46281
46281
46285
46289
46294
46295
46304
46310
46317
46326
46332
46338
46344
46348
46356
46360
46364
46365
46365
46371
46371
46371
46375
46376
46376
46378
46386
46391
46391
46394
46395
46404
46411
46414
46420
46424
46431
46440
46442
46450
46457
46463
46466
46472
46481
46490
46499
46508
46514
46515
46524
46530
46534
46543
46544
46552
46560
46561
46566
46573
46580
46589
46595
46604
46605
46607
46613
46621
46630
46634
46636
46645
46651
46660
46667
46672
46679
46683
46684
46687
46690
46698
46707
46714
46716
46716
46724
46732
46738
46745
46752
46753
46753
46757
46761
46764
46769
46778
46780
46789
46797
46797
46800
46808
46811
46815
46816
46816
46818
46822
46827
46827
46833
46842
46850
46853
46856
46856
46859
46867
46874
46879
46888
46897
46900
46904
46905
46906
46908
46915
46919
46920
46928
46932
46935
46937
46943
46946
46949
46950
46951
46952
46959
46959
46968
46970
46971
46974
46979
46986
46987
46990
46992
46997
46997
47004
47007
47007
47007
47007
47012
47020
47021
47021
47022
47025
47033
47042
47048
47057
47064
47068
47072
47072
47075
47076
47077
47082
47088
47090
47090
47095
47102
47109
47112
47116
47124
47124
47130
47135
47143
47144
47150
47152
47155
47160
47165
47166
47168
47177
47186
47190
47190
47196
47202
47202
47208
47210
47218
47224
47231
47233
47235
47243
47250
47257
47259
47261
47270
47276
47279
47282
47284
47290
47291
47300
47308
47314
47318
47326
47329
47332
47338
47338
47345
47346
47347
47347
47352
47357
47362
47371
47378
47386
47395
47404
47409
47411
47419
47428
47433
47436
47445
47452
47452
47456
47463
47466
47474
47481
47489
47498
47506
47514
47517
47524
47526
47529
47529
47538
47539
47541
47542
47544
47550
47555
47562
47571
47571
47573
47578
47579
47588
47595
47603
47612
47620
47626
47629
47636
47645
47649
47654
47654
47661
47670
47673
47678
47683
47684
47691
47693
47693
47697
47706
47706
47708
47710
47710
47718
47725
47733
47742
47751
47759
47766
47768
47769
47776
47779
47785
47792
47795
47800
47809
47817
47822
47829
47832
47839
47842
47851
47857
47861
47861
47865
47871
47876
47879
47884
47890
47892
47898
47905
47908
47911
47915
47920
47927
47936
47942
47943
47945
47954
47954
47959
47965
47969
47978
47984
47984
47993
47999
48000
48009
48016
48016
48016
48019
48026
48031
48033
48036
48041
48045
48045
48048
48057
48064
48073
48078
48083
48087
48088
48094
48103
48107
48112
48114
48120
48129
48132
48135
48138
48143
48149
48157
48165
48170
48177
48180
48185
48191
48200
48203
48203
48207
48210
48214
48217
48221
48223
48229
48233
48240
48246
48246
48253
48258
48261
48268
48269
48277
48278
48281
48282
48285
48287
48296
48304
48311
48313
48316
48318
48327
48332
48341
48347
48349
48353
48357
48360
48368
48368
48376
48382
48383
48383
48383
48390
48399
48406
48406
48407
48414
48422
48427
48428
48429
48436
48444
48448
48450
48456
48458
48466
48474
48478
48485
48494
48500
48507
48514
48520
48529
48531
48540
48540
48547
48553
48556
48562
48566
48569
48576
48576
48578
48581
48588
48590
48596
48600
48605
48605
48614
48614
48615
48615
48620
48622
48628
48629
48630
48639
48645
48654
48663
48669
48678
48683
48689
48694
48699
48701
48710
48713
48718
48719
48728
48735
48743
48751
48752
48759
48763
48770
48773
48775
48784
48792
48799
48801
48801
48806
48808
48808
48815
48821
48822
48824
48825
48825
48827
48834
48842
48849
48857
48859
48867
48874
48877
48877
48885
48886
48886
48890
48890
48891
48897
48900
48904
48912
48916
48922
48924
48925
48932
48934
48938
48946
48951
48959
48963
48969
48972
48981
48984
48986
48991
48999
49004
49010
49012
49015
49021
49022
49025
49027
49036
49040
49045
49052
49053
49060
49066
49072
49072
49079
49080
49088
49090
49096
49099
49103
49111
49120
49122
49126
49135
49137
49146
49153
49157
49158
49165
49168
49170
49176
49178
49181
49187
49191
49198
49205
49207
49214
49214
49219
49220
49224
49225
49226
49232
49238
49244
49251
49259
49261
49269
49275
49282
49285
49292
49294
49302
49305
49312
49318
49323
49329
49336
49345
49350
49350
49358
49364
49370
49371
49374
49377
49381
49383
49390
49396
49405
49408
49413
49416
49417
49419
49426
49428
49436
49442
49451
49454
49454
49459
49461
49466
49469
49475
49475
49481
49482
49484
49488
49494
49497
49499
49501
49503
49510
49518
49521
49527
49529
49536
49538
49539
49548
49552
49556
49563
49567
49570
49575
49581
49581
49589
49596
49597
49600
49608
49613
49621
49621
49622
49622
49622
49626
49630
49632
49641
49643
49647
49647
49656
49663
49668
49675
49678
49681
49690
49694
49696
49705
49705
49708
49708
49710
49713
49719
49725
49726
49730
49733
49739
49746
49751
49754
49755
49763
49766
49769
49771
49776
49779
49788
49792
49795
49797
49804
49813
49822
49823
49828
49829
49833
49839
49843
49846
49846
49846
49848
49851
49857
49857
49859
49868
49875
49883
49888
49896
49896
49896
49901
49902
49904
49904
49910
49915
49919
49924
49928
49932
49939
49944
49953
49956
49961
49962
49963
49966
49974
49982
49990
49991
49996
49996
50000
50007
50013
50014
50021
50028
50035
50038
50046
50048
50055
50060
50065
50070
50073
50075
50078
50080
50087
50095
50102
50103
50111
50114
50122
50129
50131
50139
50139
50147
50148
50155
50158
50162
50166
50174
50178
50183
50189
50189
50195
50203
50209
50210
50219
50228
50229
50237
50237
50240
50247
50248
50248
50255
50255
50259
50268
50277
50279
50282
50288
50289
50296
50303
50307
50315
50324
50330
50330
50331
50339
50344
50346
50349
50351
50357
50360
50363
50367
50368
50373
50374
50383
50388
50392
50398
50399
50401
50408
50417
50424
50432
50435
50436
50444
50446
50448
50457
50460
50467
50476
50485
50485
50489
50495
50500
50508
50510
50518
50525
50526
50535
50536
50539
50540
50546
50552
50555
50563
50568
50577
50583
50587
50590
50594
50599
50602
50604
50611
50619
50619
50619
50625
50629
50638
50647
50649
50650
50656
50663
50663
50666
50666
50668
50672
50679
50686
50689
50696
50696
50699
50702
50707
50713
50716
50723
50728
50737
50742
50745
50753
50759
50759
50761
50767
50776
50776
50777
50786
50787
50788
50793
50800
50805
50808
50812
50817
50824
50827
50828
50837
50843
50843
50844
50851
50852
50853
50858
50863
50863
50868
50875
50876
50879
50880
50887
50894
50900
50904
50912
50920
50922
50928
50933
50935
50935
50936
50942
50945
50947
50948
50951
50959
50959
50967
50974
50981
50985
50987
50993
50994
51001
51006
51009
51017
51018
51021
51027
51027
51027
51036
51036
51039
51045
51052
51055
51057
51058
51065
51071
51077
51081
51086
51090
51099
51099
51104
51109
51109
51110
51111
51118
51121
51125
51127
51136
51136
51136
51145
51151
51151
51151
51155
51164
51166
51175
51178
51186
51192
51195
51203
51209
51211
51220
51220
51221
51222
51223
51230
51237
51240
51246
51252
51255
51260
51260
51266
51269
51275
51277
51285
51293
51298
51302
51309
51318
51327
51330
51334
51341
51341
51343
51350
51356
51361
51365
51369
51370
51376
51382
51387
51393
51393
51402
51410
51410
51416
51424
51432
51440
51444
51449
51453
51456
51461
51462
51471
51478
51481
51485
51485
51490
51494
51495
51502
51502
51506
51511
51511
51513
51517
51520
51528
51534
51541
51542
51549
51554
51555
51557
51557
51562
51570
51574
51580
51586
51587
51589
51589
51598
51599
51602
51605
51606
51613
51620
51621
51630
51638
51642
51642
51643
51651
51660
51660
51665
51668
51676
51683
51692
51694
51701
51706
51710
51715
51719
51723
51724
51724
51731
51738
51743
51750
51750
51756
51757
51760
51765
51773
51776
51783
51783
51792
51795
51798
51799
51808
51813
51813
51815
51817
51823
51830
51836
51837
51843
51846
51847
51853
51854
51860
51863
51865
51868
51874
51882
51887
51889
51892
51901
51910
51914
51921
51924
51931
51935
51939
51944
51952
51952
51952
51958
51962
51970
51973
51978
51983
51986
51988
51989
51998
51999
52004
52013
52017
52020
52028
52037
52040
52041
52043
52048
52051
52055
52055
52056
52059
52062
52069
52075
52080
52085
52091
52091
52096
52102
52111
52118
52123
52126
52127
52135
52136
52136
52144
52148
52151
52156
52165
52170
52178
52185
52191
52198
52207
52210
52219
52222
52222
52229
52235
52244
52246
52247
52248
52254
52255
52255
52255
52262
52266
52271
52272
52281
52286
52289
52293
52300
52302
52304
52306
52307
52310
52311
52317
52322
52331
52332
52333
52340
52346
52347
52347
52356
52358
52364
52367
52374
52376
52379
52385
52393
52396
52401
52409
52409
52410
52416
52418
52424
52428
52434
52443
52450
52458
52463
52463
52471
52479
52480
52482
52491
52492
52496
52500
52501
52508
52509
52511
52518
52526
52534
52543
52551
52560
52568
52574
52581
52586
52592
52592
52595
52597
52606
52611
52620
52626
52628
52629
52634
52636
52645
52650
52655
52662
52671
52676
52683
52689
52689
52696
52702
52711
52716
52717
52721
52730
52737
52737
52738
52739
52741
52747
52752
52761
52761
52765
52772
52781
52788
52789
52791
52799
52804
52804
52807
52807
52808
52811
52818
52819
52823
52828
52831
52834
52837
52845
52846
52848
52857
52861
52867
52872
52873
52874
52879
52886
52892
52896
52896
52905
52908
52917
52919
52925
52933
52934
52935
52943
52943
52951
52953
52958
52961
52969
52977
52980
52980
52982
52985
52986
52987
52989
52997
53000
53002
53006
53012
53016
53017
53023
53029
53031
53040
53044
53045
53054
53061
53070
53071
53080
53081
53082
53083
53083
53091
53091
53094
53095
53103
53103
53104
53108
53113
53114
53119
53122
53122
53129
53129
53136
53136
53144
53149
53156
53159
53167
53173
53175
53179
53187
53193
53193
53202
53205
53206
53207
53209
53215
53224
53230
53236
53236
53238
53246
53254
53254
53258
53264
53265
53266
53266
53268
53275
53276
53280
53288
53290
53298
53306
53312
53314
53321
53330
53336
53345
53353
53360
53365
53373
53379
53387
53387
53388
53391
53399
53400
53402
53409
53417
53423
53425
53426
53431
53438
53442
53448
53455
53455
53460
53466
53472
53476
53483
53483
53486
53487
53493
53493
53498
53501
53502
53510
53516
53516
53525
53533
53537
53537
53538
53546
53554
53554
53556
53562
53571
53576
53582
53587
53593
53600
53607
53613
53622
53627
53632
53637
53640
53640
53646
53646
53647
53653
53660
53667
53671
53679
53684
53691
53692
53695
53702
53702
53710
53714
53718
53719
53722
53722
53729
53729
53731
53739
53746
53749
53750
53750
53757
53762
53764
53768
53776
53783
53785
53790
53797
53797
53802
53811
53811
53813
53816
53821
53824
53833
53836
53845
53854
53863
53871
53878
53886
53887
53896
53897
53902
53910
53916
53918
53923
53932
53933
53940
53947
53954
53962
53969
53972
53977
53985
53987
53994
53994
53997
54005
54012
54020
54022
54031
54032
54041
54046
54052
54058
54061
54062
54064
54064
54068
54071
54075
54075
54078
54081
54083
54089
54096
54103
54110
54113
54121
54127
54134
54135
54139
54147
54150
54152
54153
54156
54165
54172
54172
54172
54174
54177
54186
54189
54192
54196
54203
54204
54207
54208
54217
54222
54231
54233
54237
54238
54244
54251
54256
54256
54260
54267
54271
54273
54273
54280
54284
54286
54288
54292
54292
54292
54293
54298
54307
54312
54314
54317
54318
54325
54333
54333
54339
54342
54348
54351
54351
54360
54360
54367
54370
54375
54380
54381
54384
54384
54386
54391
54395
54395
54395
54400
54407
54411
54419
54422
54429
54434
54439
54444
54452
54454
54455
54460
54468
54471
54480
54488
54491
54493
54495
54497
54498
54506
54514
54522
54524
54529
54535
54536
54542
54550
54554
54561
54566
54570
54570
54573
54575
54576
54582
54588
54596
54604
54613
54618
54622
54624
54624
54632
54632
54633
54637
54639
54642
54647
54656
54657
54666
54675
54680
54689
54689
54694
54695
54695
54702
54706
54712
54721
54729
54737
54740
54749
54758
54760
54760
54760
54764
54766
54767
54773
54775
54777
54784
54793
54796
54796
54802
54811
54817
54824
54830
54832
54836
54838
54843
54852
54856
54857
54866
54875
54882
54890
54894
54894
54902
54905
54912
54912
54914
54916
54916
54925
54928
54936
54941
54946
54946
54953
54955
54960
54960
54962
54970
54974
54981
54987
54993
55002
55003
55004
55006
55015
55023
55028
55034
55038
55041
55042
55044
55049
55050
55052
55057
55066
55066
55068
55069
55073
55073
55075
55075
55084
55090
55099
55103
55112
55113
55119
55127
55132
55133
55137
55141
55148
55154
55160
55160
55160
55161
55164
55172
55181
55183
55189
55195
55200
55206
55212
55217
55226
55227
55229
55233
55239
55245
55249
55258
55266
55266
55274
55283
55289
55296
55304
55307
55311
55318
55327
55327
55336
55337
55345
55346
55346
55349
55353
55362
55368
55377
55378
55386
55390
55397
55398
55399
55406
55415
55419
55427
55428
55437
55439
55445
55449
55449
55456
55465
55471
55480
55487
55488
55497
55498
55500
55503
55512
55520
55522
55522
55531
55532
55532
55538
55545
55549
55558
55559
55564
55572
55572
55573
55574
55579
55582
55590
55592
55593
55594
55603
55610
55619
55621
55630
55633
55639
55644
55653
55657
55665
55672
55677
55678
55683
55688
55692
55694
55700
55703
55706
55707
55710
55716
55721
55722
55724
55727
55734
55736
55742
55745
55748
55753
55756
55756
55759
55766
55772
55778
55787
55792
55801
55809
55817
55825
55831
55836
55845
55854
55862
55871
55880
55886
55892
55895
55897
55906
55914
55923
55923
55927
55929
55933
55940
55948
55948
55955
55960
55961
55970
55971
55972
55972
55973
55982
55985
55990
55994
55997
56005
56013
56019
56019
56019
56019
56019
56028
56029
56032
56032
56033
56035
56039
56045
56051
56055
56056
56059
56062
56068
56075
56084
56085
56085
56094
56099
56105
56110
56114
56117
56122
56122
56128
56128
56130
56136
56136
56136
56141
56141
56143
56143
56146
56147
56153
56161
56167
56171
56177
56186
56189
56197
56203
56205
56205
56210
56213
56213
56220
56220
56225
56233
56239
56245
56254
56256
56257
56258
56259
56259
56260
56260
56268
56268
56276
56284
56285
56293
56301
56301
56302
56305
56312
56315
56317
56319
56325
56327
56329
56333
56339
56342
56350
56350
56359
56366
56369
56378
56382
56385
56388
56395
56402
56411
56416
56422
56426
56431
56434
56439
56448
56453
56461
56469
56469
56476
56481
56487
56493
56495
56495
56498
56504
56509
56512
56514
56521
56524
56526
56532
56541
56549
56557
56563
56564
56565
56574
56576
56579
56583
56584
56592
56596
56596
56603
56608
56610
56612
56616
56623
56630
56637
56638
56640
56647
56653
56654
56658
56658
56665
56667
56674
56676
56676
56685
56690
56690
56699
56699
56703
56712
56721
56725
56727
56732
56741
56746
56753
56754
56758
56762
56768
56771
56771
56772
56773
56773
56782
56788
56788
56788
56795
56799
56800
56805
56812
56812
56818
56825
56826
56828
56836
56844
56851
56855
56864
56873
56873
56873
56878
56882
56885
56892
56897
56904
56904
56904
56912
56917
56926
56931
56936
56937
56945
56947
56953
56955
56960
56966
56970
56975
56984
56993
56993
56994
57000
57006
57011
57020
57028
57029
57038
57045
57052
57055
57061
57061
57063
57072
57074
57076
57082
57085
57093
57097
57106
57110
57116
57124
57126
57132
57140
57146
57148
57148
57156
57161
57164
57164
57169
57171
57173
57176
57182
57182
57188
57188
57195
57195
57199
57201
57201
57201
57201
57202
57206
57213
57215
57219
57227
57231
57231
57239
57239
57246
57247
57256
57258
57262
57266
57272
57272
57277
57277
57278
57285
57294
57302
57307
57310
57314
57321
57322
57326
57333
57336
57336
57345
57353
57359
57365
57365
57366
57371
57372
57372
57379
57381
57383
57391
57399
57400
57407
57415
57423
57427
57431
57440
57445
57445
57446
57451
57458
57464
57464
57468
57475
57476
57476
57477
57477
57482
57485
57490
57497
57505
57508
57509
57517
57520
57528
57529
57536
57543
57545
57552
57561
57568
57570
57572
57580
57586
57586
57594
57600
57600
57605
57614
57614
57617
57617
57618
57624
57631
57638
57642
57650
57653
57659
57667
57671
57674
57678
57683
57686
57688
57689
57691
57696
57696
57702
57710
57716
57725
57731
57737
57737
57738
57743
57748
57748
57750
57753
57753
57762
57765
57773
57776
57776
57781
57790
57791
57795
57801
57807
57809
57812
57815
57820
57828
57831
57831
57835
57840
57844
57853
57853
57858
57865
57874
57876
57885
57887
57895
57902
57906
57906
57910
57910
57910
57915
57915
57920
57929
57937
57943
57950
57959
57964
57970
57979
57980
57982
57987
57995
58000
58004
58011
58017
58018
58025
58026
58030
58036
58037
58039
58042
58043
58048
58053
58054
58061
58062
58063
58065
58068
58070
58072
58081
58090
58095
58098
58106
58112
58119
58121
58128
58129
58131
58134
58143
58143
58148
58153
58158
58161
58170
58173
58178
58180
58187
58194
58202
58209
58213
58215
58218
58223
58231
58237
58240
58244
58252
58252
58255
58263
58269
58272
58273
58274
58283
58285
58293
58295
58301
58310
58319
58320
58328
58333
58333
58337
58341
58350
58350
58356
58361
58363
58364
58364
58364
58365
58370
58370
58378
58386
58389
58390
58398
58403
58404
58406
58413
58416
58417
58423
58424
58427
58436
58443
58447
58454
58462
58469
58478
58478
58479
58479
58483
58483
58490
58498
58505
58506
58510
58517
58526
58531
58539
58548
58555
58559
58563
58571
58579
58581
58590
58595
58600
58607
58614
58614
58615
58620
58623
58627
58628
58631
58634
58635
58640
58646
58648
58651
58658
58661
58662
58662
58668
58674
58681
58690
58692
58693
58696
58701
58706
58709
58714
58717
58719
58719
58728
58735
58735
58744
58744
58748
58752
58757
58761
58766
58767
58771
58772
58773
58777
58778
58778
58786
58786
58786
58789
58791
58793
58795
58804
58810
58814
58814
58816
58822
58824
58828
58835
58842
58846
58852
58861
58866
58869
58876
58879
58881
58889
58893
58897
58905
58914
58916
58921
58928
58936
58937
58946
58950
58951
58958
58960
58961
58966
58967
58974
58983
58985
58988
58993
59001
59001
59001
59006
59011
59018
59026
59030
59031
59031
59039
59045
59045
59052
59061
59068
59073
59081
59084
59090
59098
59101
59102
59103
59106
59112
59118
59120
59125
59129
59129
59135
59144
59148
59154
59156
59165
59168
59174
59182
59188
59194
59202
59208
59216
59216
59225
59233
59236
59243
59251
59253
59260
59260
59269
59277
59282
59286
59293
59299
59300
59308
59315
59319
59319
59320
59324
59330
59330
59339
59345
59350
59351
59351
59353
59360
59361
59366
59369
59378
59387
59392
59398
59402
59405
59409
59415
59418
59421
59430
59430
59433
59434
59434
59439
59440
59443
59447
59453
59461
59467
59473
59473
59482
59485
59493
59496
59500
59507
59510
59514
59519
59520
59529
59536
59536
59538
59542
59551
59551
59556
59563
59570
59571
59578
59585
59587
59594
59595
59604
59610
59618
59620
59621
59621
59630
59632
59641
59649
59658
59664
59672
59675
59684
59693
59698
59701
59703
59706
59713
59717
59720
59723
59728
59729
59732
59732
59738
59739
59745
59746
59752
59760
59765
59768
59772
59777
59783
59787
59790
59797
59802
59804
59811
59818
59824
59827
59830
59830
59838
59847
59853
59854
59861
59867
59868
59871
59875
59878
59886
59892
59894
59901
59909
59917
59924
59933
59933
59942
59948
59955
59963
59972
59981
59990
59995
60000
60000
60003
60011
60017
60023
60029
60038
60047
60051
60059
60061
60062
60064
60072
60077
60081
60082
60087
60094
60101
60108
60112
60120
60124
60130
60135
60136
60145
60149
60158
60161
60162
60170
60172
60178
60187
60194
60197
60204
60211
60211
60211
60219
60227
60235
60244
60248
60252
60254
60260
60263
60264
60272
60277
60285
60290
60290
60294
60298
60307
60308
60309
60315
60319
60321
60325
60326
60333
60340
60347
60356
60360
60367
60374
60377
60383
60384
60389
60393
60394
60403
60403
60407
60414
60416
60425
60434
60435
60444
60444
60449
60455
60458
60466
60470
60476
60484
60493
60502
60509
60518
60520
60528
60528
60537
60543
60548
60551
60559
60568
60571
60577
60581
60584
60586
60591
60591
60599
60603
60604
60611
60615
60623
60627
60630
60638
60641
60647
60647
60650
60653
60658
60658
60660
60660
60660
60669
60673
60677
60682
60684
60693
60699
60701
60703
60705
60713
60714
60719
60723
60729
60737
60746
60753
60755
60756
60759
60762
60766
60770
60778
60779
60783
60783
60783
60787
60788
60790
60795
60797
60798
60801
60801
60801
60809
60817
60824
60832
60833
60841
60843
60851
60856
60859
60859
60859
60860
60865
60870
60876
60878
60883
60884
60890
60893
60901
60905
60908
60915
60916
60921
60923
60923
60928
60928
60931
60940
60941
60942
60951
60957
60963
60965
60968
60975
60978
60978
60984
60993
60995
60996
60998
61006
61013
61018
61018
61020
61020
61023
61028
61028
61031
61036
61036
61044
61044
61053
61055
61055
61063
61065
61072
61073
61077
61079
61079
61081
61084
61093
61101
61110
61110
61112
61116
61121
61123
61131
61133
61133
61133
61135
61141
61144
61145
61154
61161
61170
61174
61176
61180
61184
61185
61187
61194
61200
61203
61206
61207
61212
61212
61216
61216
61221
61224
61232
61232
61239
61246
61248
61254
61254
61260
61264
61271
61278
61284
61286
61294
61301
61308
61310
61313
61318
61326
61335
61338
61345
61352
61353
61361
61361
61365
61374
61377
61386
61395
61399
61401
61410
61414
61423
61425
61431
61437
61439
61448
61448
61455
61461
61470
61477
61482
61490
61499
61503
61507
61512
61521
61524
61526
61535
61539
61542
61548
61548
61555
61555
61561
61566
61573
61579
61588
61592
61599
61601
61605
61612
61617
61624
61633
61638
61644
61651
61652
61656
61656
61660
61669
61674
61674
61683
61689
61689
61693
61702
61710
61711
61719
61719
61721
61721
61729
61733
61742
61743
61748
61750
61758
61765
61774
61782
61789
61798
61803
61810
61815
61818
61818
61824
61827
61828
61833
61839
61844
61844
61847
61854
61861
61861
61862
61869
61876
61884
61887
61896
61899
61899
61900
61904
61908
61909
61914
61920
61924
61932
61941
61948
61948
61956
61959
61966
61972
61975
61983
61989
61990
61994
61997
62003
62012
62013
62013
62013
62018
62027
62028
62036
62045
62054
62057
62064
62070
62074
62078
62078
62081
62086
62087
62087
62087
62095
62101
62108
62109
62112
62121
62128
62134
62142
62144
62148
62151
62159
62165
62168
62168
62176
62176
62185
62190
62198
62205
62208
62208
62214
62219
62224
62229
62232
62233
62235
62242
62244
62252
62256
62262
62269
62272
62273
62275
62279
62282
62288
62294
62298
62305
62305
62308
62315
62315
62317
62321
62325
62329
62336
62338
62344
62349
62349
62356
62358
62359
62360
62363
62369
62372
62377
62380
62388
62388
62397
62402
62409
62418
62419
62422
62423
62424
62425
62429
62431
62432
62435
62439
62444
62447
62456
62464
62468
62472
62473
62475
62476
62480
62486
62493
62496
62497
62502
62507
62511
62520
62521
62529
62535
62539
62546
62551
62560
62564
62565
62565
62572
62575
62577
62578
62583
62591
62598
62598
62603
62607
62615
62623
62630
62630
62639
62644
62650
62659
62662
62671
62678
62685
62694
62696
62703
62709
62718
62725
62725
62727
62736
62736
62739
62745
62746
62754
62756
62763
62771
62773
62782
62789
62791
62799
62807
62816
62824
62832
62838
62846
62853
62859
62866
62872
62878
62887
62893
62897
62905
62909
62913
62917
62923
62927
62931
62934
62938
62947
62953
62956
62956
62957
62965
62973
62978
62984
62985
62990
62994
62995
63003
63012
63012
63015
63019
63027
63035
63041
63050
63059
63066
63075
63083
63084
63088
63089
63091
63092
63101
63108
63115
63123
63126
63135
63142
63144
63147
63148
63155
63163
63164
63164
63169
63175
63184
63191
63200
63203
63212
63219
63220
63221
63221
63226
63226
63234
63241
63245
63248
63251
63251
63259
63265
63274
63283
63286
63290
63298
63298
63303
63309
63311
63312
63313
63322
63327
63329
63338
63344
63348
63348
63355
63360
63361
63362
63367
63371
63372
63377
63384
63389
63390
63397
63399
63402
63404
63409
63413
63422
63425
63432
63433
63439
63446
63449
63457
63462
63471
63477
63481
63483
63490
63491
63497
63500
63504
63509
63517
63525
63526
63531
63535
63538
63539
63539
63539
63545
63554
63561
63567
63570
63577
63586
63590
63591
63600
63605
63608
63612
63619
63621
63626
63634
63640
63640
63641
63642
63642
63642
63643
63652
63653
63655
63662
63665
63669
63675
63681
63690
63699
63700
63706
63715
63717
63726
63731
63734
63734
63743
63751
63752
63753
63762
63764
63765
63769
63769
63777
63786
63787
63789
63798
63803
63809
63816
63816
63824
63830
63839
63841
63841
63844
63846
63855
63856
63858
63867
63870
63871
63875
63880
63883
63890
63894
63899
63907
63908
63910
63911
63914
63918
63924
63925
63929
63936
63943
63947
63952
63959
63961
63970
63977
63981
63988
63988
63995
63998
64000
64008
64013
64020
64027
64035
64041
64041
64049
64054
64055
64060
64063
64066
64066
64073
64081
64085
64086
64094
64103
64104
64108
64109
64118
64121
64121
64124
64131
64134
64136
64140
64145
64152
64154
64161
64167
64171
64178
64183
64185
64192
64192
64193
64197
64197
64198
64198
64203
64205
64213
64219
64220
64224
64224
64229
64236
64244
64252
64261
64263
64265
64267
64273
64273
64281
64286
64293
64298
64303
64306
64311
64314
64314
64323
64326
64327
64327
64333
64338
64346
64350
64356
64363
64365
64372
64374
64383
64390
64390
64394
64398
64400
64407
64410
64413
64421
64427
64430
64430
64434
64436
64437
64446
64451
64458
64467
64470
64472
64474
64483
64492
64496
64500
64507
64509
64518
64519
64519
64521
64522
64530
64536
64536
64542
64542
64545
64550
64553
64557
64564
64572
64580
64589
64590
64592
64600
64606
64609
64611
64616
64623
64631
64637
64640
64643
64645
64646
64650
64658
64663
64665
64672
64677
64685
64690
64696
64702
64704
64707
64714
64714
64716
64722
64728
64731
64735
64744
64749
64758
64766
64772
64774
64783
64790
64795
64798
64804
64804
64812
64820
64822
64828
64831
64839
64845
64848
64852
64854
64859
64864
64871
64871
64880
64882
64883
64885
64893
64902
64908
64915
64919
64921
64929
64931
64939
64939
64946
64953
64957
64961
64962
64965
64971
64978
64987
64990
64996
65005
65012
65017
65024
65025
65031
65040
65048
65051
65053
65057
65059
65061
65061
65069
65078
65085
65093
65094
65102
65102
65102
65102
65105
65108
65116
65119
65123
65128
65130
65139
65142
65150
65158
65163
65171
65177
65180
65187
65192
65196
65196
65203
65208
65212
65214
65215
65217
65225
65231
65235
65237
65240
65247
65249
65258
65264
65265
65270
65279
65285
65290
65293
65300
65301
65305
65310
65315
65322
65331
65334
65337
65346
65353
65356
65363
65370
65374
65374
65381
65387
65388
65389
65391
65391
65392
65397
65405
65405
65412
65418
65425
65425
65427
65429
65430
65434
65434
65440
65442
65448
65456
65461
65470
65471
65471
65475
65484
65493
65496
65502
65506
65514
65522
65522
65526
65527
65534
65542
65546
65552
65554
65558
65564
65573
65576
65579
65581
65583
65585
65587
65596
65604
65611
65618
65623
65630
65635
65642
65643
65643
65652
65656
65665
65672
65677
65681
65690
65695
65699
65703
65708
65709
65717
65724
65727
65736
65740
65745
65754
65756
65759
65766
65773
65776
65778
65778
65780
65781
65789
65792
65798
65800
65801
65807
65809
65812
65817
65820
65825
65833
65842
65846
65849
65857
65865
65865
65867
65867
65869
65869
65876
65885
65890
65895
65899
65907
65908
65915
65924
65932
65937
65939
65945
65948
65953
65961
65970
65976
65979
65985
65985
65988
65988
65992
65993
65997
66002
66005
66008
66014
66021
66028
66034
66043
66045
66048
66056
66063
66063
66066
66067
66069
66070
66078
66087
66092
66097
66104
66110
66115
66118
66118
66122
66131
66133
66137
66138
66145
66148
66148
66150
66155
66163
66168
66173
66181
66182
66184
66188
66188
66197
66201
66205
66207
66211
66217
66223
66225
66229
66237
66239
66242
66250
66258
66260
66262
66269
66274
66277
66279
66280
66288
66291
66300
66302
66308
66317
66320
66324
66326
66332
66339
66344
66348
66351
66358
66364
66364
66371
66375
66381
66386
66387
66394
66400
66407
66409
66417
66424
66432
66432
66435
66436
66440
66445
66449
66455
66463
66471
66480
66486
66491
66499
66503
66505
66505
66510
66512
66513
66514
66522
66525
66525
66532
66533
66538
66542
66550
66550
66551
66557
66557
66558
66561
66570
66574
66577
66583
66584
66586
66588
66591
66593
66594
66601
66602
66607
66612
66612
66614
66621
66622
66631
66634
66634
66641
66648
66656
66656
66661
66668
66673
66676
66677
66686
66690
66693
66697
66699
66708
66709
66712
66718
66726
66727
66736
66739
66747
66754
66761
66768
66772
66777
66777
66784
66792
66798
66801
66803
66806
66810
66818
66819
66823
66824
66833
66840
66841
66845
66854
66860
66863
66868
66872
66872
66880
66882
66884
66890
66895
66902
66908
66917
66926
66930
66931
66939
66942
66947
66956
66959
66966
66971
66980
66986
66990
66991
66996
67003
67011
67013
67018
67019
67028
67031
67038
67044
67047
67054
67060
67065
67067
67073
67080
67088
67097
67097
67100
67100
67108
67115
67119
67127
67133
67140
67146
67147
67147
67155
67157
67166
67167
67176
67184
67187
67196
67199
67203
67209
67213
67216
67221
67223
67226
67230
67239
67248
67251
67251
67251
67257
67261
67262
67269
67270
67270
67270
67275
67283
67290
67293
67301
67309
67314
67315
67320
67327
67329
67330
67336
67336
67336
67342
67350
67353
67353
67359
67365
67370
67373
67380
67388
67390
67399
67408
67408
67414
67418
67426
67426
67427
67436
67445
67454
67457
67460
67466
67469
67475
67480
67486
67489
67491
67495
67499
67503
67506
67514
67515
67516
67524
67526
67531
67539
67547
67555
67555
67555
67559
67560
67563
67563
67564
67565
67571
67573
67574
67578
67587
67587
67596
67600
67608
67614
67614
67622
67631
67634
67634
67635
67637
67644
67651
67659
67668
67674
67681
67682
67683
67687
67688
67694
67697
67698
67700
67708
67711
67719
67728
67733
67737
67741
67749
67751
67758
67760
67766
67773
67779
67786
67788
67790
67790
67798
67799
67799
67807
67815
67822
67822
67824
67826
67830
67832
67840
67845
67853
67853
67854
67859
67860
67867
67870
67870
67879
67887
67888
67893
67895
67896
67903
67907
67908
67913
67916
67920
67921
67927
67933
67936
67940
67947
67947
67953
67958
67965
67970
67979
67981
67989
67992
68000
68006
68009
68015
68019
68025
68033
68035
68035
68041
68041
68048
68051
68058
68067
68069
68071
68080
68085
68086
68092
68095
68096
68102
68105
68108
68113
68119
68122
68122
68122
68128
68128
68130
68133
68138
68143
68147
68153
68154
68161
68165
68168
68177
68182
68187
68191
68197
68198
68202
68205
68206
68215
68219
68220
68225
68229
68232
68237
68246
68255
68259
68263
68267
68270
68270
68275
68281
68282
68289
68297
68299
68302
68310
68310
68314
68320
68326
68328
68332
68337
68338
68347
68347
68355
68364
68366
68372
68377
68380
68384
68393
68400
68407
68415
68415
68416
68421
68425
68432
68440
68441
68447
68449
68456
68457
68458
68459
68467
68473
68474
68477
68480
68484
68490
68491
68495
68499
68508
68514
68520
68528
68531
68540
68545
68554
68554
68557
68566
68569
68569
68570
68575
68584
68592
68596
68601
68607
68614
68620
68624
68629
68637
68644
68648
68649
68654
68656
68663
68669
68675
68682
68684
68693
68697
68706
68715
68723
68729
68737
68743
68749
68749
68753
68756
68763
68767
68776
68781
68788
68797
68801
68808
68815
68821
68830
68838
68843
68850
68855
68858
68861
68870
68872
68876
68885
68891
68899
68901
68905
68913
68921
68929
68937
68941
68945
68945
68948
68950
68958
68958
68961
68969
68976
68977
68983
68988
68988
68989
68991
68992
68992
69001
69002
69004
69008
69011
69011
69020
69024
69024
69026
69026
69032
69040
69041
69042
69046
69054
69060
69060
69062
69069
69071
69072
69073
69075
69082
69087
69088
69096
69104
69112
69112
69116
69123
69131
69131
69138
69147
69149
69155
69156
69162
69170
69170
69175
69184
69187
69195
69197
69205
69210
69219
69227
69234
69240
69241
69247
69256
69257
69258
69260
69269
69277
69280
69288
69289
69289
69292
69292
69295
69302
69302
69307
69307
69307
69314
69323
69331
69332
69335
69343
69344
69345
69347
69353
69358
69361
69364
69364
69371
69371
69371
69372
69377
69384
69390
69399
69401
69403
69406
69415
69421
69424
69433
69440
69449
69449
69451
69457
69465
69465
69468
69471
69471
69476
69484
69492
69499
69500
69502
69505
69514
69518
69523
69531
69535
69541
69545
69549
69551
69558
69565
69566
69571
69578
69586
69590
69597
69601
69608
69613
69618
69625
69629
69636
69645
69646
69653
69655
69663
69663
69672
69681
69682
69691
69698
69706
69712
69719
69725
69732
69733
69734
69736
69745
69754
69762
69765
69765
69773
69773
69781
69788
69791
69795
69797
69801
69801
69809
69812
69812
69814
69814
69818
69818
69819
69824
69825
69828
69837
69843
69844
69853
69858
69866
69871
69874
69876
69883
69887
69895
69900
69909
69913
69917
69921
69926
69930
69937
69940
69948
69957
69964
69965
69967
69970
69971
69975
69978
69982
69983
69983
69985
69986
69995
70001
70010
70013
70022
70031
70040
70041
70047
70051
70052
70059
70065
70069
70069
70075
70084
70087
70090
70091
70099
70105
70105
70110
70116
70117
70122
70125
70128
70133
70140
70149
70158
70165
70169
70170
70176
70177
70186
70192
70192
70193
70198
70198
70202
70202
70209
70216
70222
70222
70225
70229
70236
70240
70243
70249
70258
70259
70262
70263
70265
70273
70275
70282
70285
70291
70299
70306
70306
70308
70314
70320
70323
70326
70329
70331
70340
70348
70353
70362
70362
70366
70368
70375
70384
70384
70392
70392
70399
70399
70405
70407
70411
70419
70423
70430
70439
70447
70448
70456
70462
70467
70474
70479
70486
70486
70494
70501
70501
70503
70508
70510
70510
70518
70524
70530
70532
70535
70535
70538
70539
70541
70547
70554
70563
70569
70573
70581
70583
70590
70593
70598
70599
70606
70608
70609
70610
70612
70618
70618
70625
70630
70638
70641
70641
70643
70644
70644
70650
70651
70656
70661
70666
70669
70673
70674
70676
70682
70682
70682
70686
70691
70697
70706
70711
70711
70711
70714
70718
70721
70726
70735
70739
70741
70750
70750
70758
70760
70765
70767
70776
70778
70783
70785
70794
70796
70804
70808
70810
70815
70819
70821
70824
70825
70833
70840
70847
70852
70861
70864
70864
70866
70867
70869
70872
70879
70884
70885
70890
70891
70897
70898
70903
70912
70913
70913
70919
70922
70928
70937
70937
70939
70944
70953
70960
70967
70970
70977
70984
70991
70995
71003
71008
71016
71021
71024
71026
71035
71037
71045
71053
71060
71068
71072
71076
71078
71086
71088
71094
71098
71100
71104
71104
71112
71116
71125
71125
71128
71130
71134
71142
71143
71146
71151
71158
71166
71172
71174
71181
71186
71193
71194
71197
71201
71208
71208
71210
71213
71218
71226
71234
71240
71244
71247
71247
71255
71259
71259
71261
71262
71263
71268
71277
71280
71281
71285
71286
71290
71293
71293
71300
71304
71305
71311
71317
71326
71335
71339
71348
71354
71355
71359
71364
71367
71371
71373
71380
71380
71386
71391
71398
71400
71401
71408
71414
71419
71419
71428
71435
71444
71445
71448
71450
71453
71456
71463
71471
71473
71473
71477
71484
71493
71493
71496
71505
71512
71512
71515
71523
71531
71537
71539
71543
71549
71549
71550
71557
71562
71567
71576
71581
71583
71591
71599
71602
71602
71605
71614
71623
71624
71633
71636
71641
71647
71653
71655
71659
71663
71663
71666
71666
71671
71677
71686
