5
8
15
17
22
30
34
34
41
46
55
60
69
71
74
78
81
90
94
103
110
113
116
120
127
136
143
147
148
149
151
155
155
159
161
168
170
170
171
178
182
187
189
195
197
203
208
213
221
224
229
230
235
241
246
251
253
262
268
277
281
286
288
294
299
306
315
321
321
325
326
331
331
334
339
341
343
343
346
346
347
349
354
358
367
373
378
381
382
382
391
393
402
405
406
407
416
418
421
427
433
438
439
445
449
453
457
458
465
470
473
476
482
482
485
486
490
499
504
513
519
525
534
539
541
546
554
559
562
565
570
575
581
582
584
591
593
601
607
608
615
619
621
625
627
633
638
647
652
653
661
666
671
674
678
685
686
686
687
691
694
698
701
709
709
712
714
722
726
733
736
742
745
752
752
757
760
762
768
769
771
780
788
791
792
793
798
802
810
819
828
832
837
845
845
849
856
856
865
866
866
871
873
874
878
881
884
892
901
907
909
918
921
929
938
947
952
954
955
964
968
968
975
982
987
991
991
995
1003
1003
1003
1011
1015
1019
1024
1030
1036
1041
1049
1052
1059
1059
1060
1062
1065
1074
1080
1087
1093
1101
1109
1116
1117
1125
1130
1132
1136
1137
1144
1153
1161
1167
1175
1184
1186
1187
1189
1191
1200
1206
1214
1215
1215
1222
1229
1230
1231
1232
1233
1239
1246
1254
1263
1271
1271
1277
1279
1286
1291
1299
1300
1304
1309
1314
1318
1323
1323
1328
1330
1330
1336
1342
1351
1357
1365
1372
1377
1380
1387
1395
1400
1408
1411
1412
1418
1419
1419
1419
1425
1429
1435
1443
1447
1454
1457
1460
1469
1475
1477
1484
1493
1494
1494
1497
1504
1506
1515
1523
1530
1539
1545
1545
1548
1557
1559
1560
1560
1564
1569
1570
1573
1578
1587
1587
1593
1596
1599
1600
1607
1613
1613
1614
1616
1623
1625
1628
1629
1632
1634
1643
1649
1654
1660
1662
1670
1679
1688
1694
1701
1708
1716
1720
1724
1732
1737
1746
1755
1760
1768
1770
1774
1781
1789
1794
1796
1805
1809
1812
1819
1822
1827
1827
1833
1841
1845
1852
1856
1856
1860
1862
1864
1864
1866
1866
1872
1872
1873
1882
1885
1885
1885
1885
1894
1895
1899
1908
1909
1912
1918
1927
1934
1943
1949
1954
1961
1965
1974
1980
1985
1987
1992
2000
2003
2010
2011
2014
2014
2017
2024
2030
2038
2039
2040
2042
2044
2050
2051
2056
2063
2064
2069
2078
2080
2087
2091
2096
2104
2105
2110
2112
2120
2129
2134
2142
2148
2151
2152
2154
2163
2163
2166
2173
2175
2177
2186
2191
2195
2204
2207
2214
2222
2222
2222
2222
2228
2237
2239
2239
2244
2248
2254
2259
2267
2273
2277
2277
2280
2288
2289
2289
2289
2293
2296
2296
2299
2303
2305
2307
2314
2322
2322
2329
2335
2336
2340
2349
2349
2352
2354
2354
2355
2359
2366
2372
2372
2375
2376
2377
2383
2392
2393
2394
2396
2402
2402
2404
2413
2413
2421
2428
2436
2439
2444
2450
2457
2463
2470
2473
2473
2476
2484
2488
2494
2499
2500
2500
2509
2515
2517
2522
2525
2526
2532
2536
2542
2545
2550
2553
2557
2566
2566
2568
2571
2579
2580
2588
2589
2589
2590
2592
2601
2607
2608
2616
2620
2628
2628
2635
2636
2642
2649
2657
2659
2662
2667
2668
2673
2680
2688
2691
2693
2701
2702
2709
2714
2715
2717
2718
2720
2724
2727
2728
2729
2729
2730
2734
2741
2741
2744
2748
2754
2760
2769
2773
2776
2784
2784
2787
2793
2794
2803
2805
2811
2812
2821
2822
2826
2835
2843
2851
2857
2862
2862
2867
2868
2874
2878
2882
2882
2882
2882
2886
2891
2893
2894
2894
2900
2908
2914
2918
2922
2927
2930
2930
2936
2939
2941
2943
2947
2949
2952
2961
2969
2969
2977
2977
2985
2988
2995
3000
3005
3008
3010
3013
3016
3023
3024
3031
3031
3035
3036
3042
3049
3056
3059
3065
3066
3073
3073
3073
3077
3085
3085
3085
3088
3088
3095
3104
3109
3111
3120
3125
3132
3136
3140
3146
3153
3154
3161
3165
3172
3179
3187
3192
3192
3200
3207
3214
3216
3220
3223
3227
3234
3237
3239
3239
3242
3247
3249
3254
3257
3264
3266
3266
3267
3268
3268
3276
3279
3284
3288
3297
3297
3305
3307
3311
3316
3322
3323
3332
3333
3340
3345
3350
3354
3361
3364
3373
3380
3388
3390
3399
3402
3409
3411
3420
3423
3430
3432
3433
3433
3442
3450
3457
3460
3468
3477
3481
3490
3494
3503
3503
3508
3509
3514
3516
3522
3529
3536
3543
3550
3554
3557
3558
3566
3574
3576
3578
3584
3589
3598
3602
3602
3604
3608
3609
3618
3623
3626
3632
3640
3645
3653
3659
3664
3664
3669
3669
3670
3677
3682
3687
3691
3693
3699
3708
3711
3712
3720
3724
3725
3733
3733
3737
3740
3743
3743
3744
3746
3746
3755
3763
3768
3770
3779
3780
3785
3792
3798
3799
3804
3809
3809
3810
3814
3817
3819
3827
3836
3841
3850
3853
3859
3864
3870
3871
3879
3883
3887
3890
3891
3895
3901
3901
3910
3912
3912
3920
3923
3928
3935
3937
3940
3947
3953
3958
3964
3971
3980
3984
3992
3996
4003
4010
4013
4019
4026
4034
4043
4050
4057
4065
4072
4078
4086
4095
4102
4109
4112
4117
4126
4127
4135
4137
4145
4148
4157
4161
4165
4172
4179
4184
4185
4186
4192
4198
4206
4208
4215
4223
4223
4226
4234
4237
4239
4244
4248
4257
4258
4258
4258
4261
4268
4276
4278
4285
4288
4296
4299
4299
4301
4305
4314
4319
4327
4330
4337
4339
4342
4348
4357
4366
4366
4366
4375
4380
4382
4383
4390
4390
4391
4392
4392
4396
4399
4407
4409
4418
4426
4432
