5
8
15
17
22
30
34
34
41
46
55
60
69
71
74
78
81
90
94
103
110
113
116
120
127
136
143
147
148
149
151
155
155
159
161
168
170
170
171
178
182
187
189
195
197
203
208
213
221
224
229
230
235
241
246
251
253
262
268
277
281
286
288
294
299
306
315
321
321
325
326
331
331
334
339
341
343
343
346
346
347
349
354
358
367
373
378
381
382
382
391
393
402
405
406
407
416
418
421
427
433
438
439
445
449
453
457
458
465
470
473
476
482
482
485
486
490
499
504
513
519
525
534
539
541
546
554
559
562
565
570
575
581
582
584
591
593
601
607
608
615
619
621
625
627
633
638
647
652
653
661
666
671
674
678
685
686
686
687
691
694
698
701
709
709
712
714
722
726
733
736
742
745
752
752
757
760
762
768
769
771
780
788
791
792
793
798
802
810
819
828
832
837
845
845
849
856
856
865
866
866
871
873
874
878
881
884
892
901
907
909
918
921
929
938
947
952
954
955
964
968
968
975
982
987
991
991
995
1003
1003
1003
1011
1015
1019
1024
1030
1036
1041
1049
1052
1059
1059
1060
1062
1065
1074
1080
1087
1093
1101
1109
1116
1117
1125
1130
1132
1136
1137
1144
1153
1161
1167
1175
1184
1186
1187
1189
1191
1200
1206
1214
1215
1215
1222
1229
1230
1231
1232
1233
1239
1246
1254
1263
1271
1271
1277
1279
1286
1291
1299
1300
1304
1309
1314
1318
1323
1323
1328
1330
1330
1336
1342
1351
1357
1365
1372
1377
1380
1387
1395
1400
1408
1411
1412
1418
1419
1419
1419
1425
1429
1435
1443
1447
1454
1457
1460
1469
1475
1477
1484
1493
1494
1494
1497
1504
1506
1515
1523
1530
1539
1545
1545
1548
1557
1559
1560
1560
1564
1569
1570
1573
1578
1587
1587
1593
1596
1599
1600
1607
1613
1613
1614
1616
1623
1625
1628
1629
1632
1634
1643
1649
1654
1660
1662
1670
1679
1688
1694
1701
1708
1716
1720
1724
1732
1737
1746
1755
1760
1768
1770
1774
1781
1789
1794
1796
1805
1809
1812
1819
1822
1827
1827
1833
1841
1845
1852
1856
1856
1860
1862
1864
1864
1866
1866
1872
1872
1873
1882
1885
1885
1885
1885
1894
1895
1899
1908
1909
1912
1918
1927
1934
1943
1949
1954
1961
1965
1974
1980
1985
1987
1992
2000
2003
2010
2011
2014
2014
2017
2024
2030
2038
2039
2040
2042
2044
2050
2051
2056
2063
2064
2069
2078
2080
2087
2091
2096
2104
2105
2110
2112
2120
2129
2134
2142
2148
2151
2152
2154
2163
2163
2166
2173
2175
2177
2186
2191
2195
2204
2207
2214
2222
2222
2222
2222
2228
2237
2239
2239
2244
2248
2254
2259
2267
2273
2277
2277
2280
2288
2289
2289
2289
2293
2296
2296
2299
2303
2305
2307
2314
2322
2322
2329
2335
2336
2340
2349
2349
2352
2354
2354
2355
2359
2366
2372
2372
2375
2376
2377
2383
2392
2393
2394
2396
2402
2402
2404
2413
2413
2421
2428
2436
2439
2444
2450
2457
2463
2470
2473
2473
2476
2484
2488
2494
2499
2500
2500
2509
2515
2517
2522
2525
2526
2532
2536
2542
2545
2550
2553
2557
2566
2566
2568
2571
2579
2580
2588
2589
2589
2590
2592
2601
2607
2608
2616
2620
2628
2628
2635
2636
2642
2649
2657
2659
2662
2667
2668
2673
2680
2688
2691
2693
2701
2702
2709
2714
2715
2717
2718
2720
2724
2727
2728
2729
2729
2730
2734
2741
2741
2744
2748
2754
2760
2769
2773
2776
2784
2784
2787
2793
2794
2803
2805
2811
2812
2821
2822
2826
2835
2843
2851
2857
2862
2862
2867
2868
2874
2878
2882
2882
2882
2882
2886
2891
2893
2894
2894
2900
2908
2914
2918
2922
2927
2930
2930
2936
2939
2941
2943
2947
2949
2952
2961
2969
2969
2977
2977
2985
2988
2995
3000
3005
3008
3010
3013
3016
3023
3024
3031
3031
3035
3036
3042
3049
3056
3059
3065
3066
3073
3073
3073
3077
3085
3085
3085
3088
3088
3095
3104
3109
3111
3120
3125
3132
3136
3140
3146
3153
3154
3161
3165
3172
3179
3187
3192
3192
3200
3207
3214
3216
3220
3223
3227
3234
3237
3239
3239
3242
3247
3249
3254
3257
3264
3266
3266
3267
3268
3268
3276
3279
3284
3288
3297
3297
3305
3307
3311
3316
3322
3323
3332
3333
3340
3345
3350
3354
3361
3364
3373
3380
3388
3390
3399
3402
3409
3411
3420
3423
3430
3432
3433
3433
3442
3450
3457
3460
3468
3477
3481
3490
3494
3503
3503
3508
3509
3514
3516
3522
3529
3536
3543
3550
3554
3557
3558
3566
3574
3576
3578
3584
3589
3598
3602
3602
3604
3608
3609
3618
3623
3626
3632
3640
3645
3653
3659
3664
3664
3669
3669
3670
3677
3682
3687
3691
3693
3699
3708
3711
3712
3720
3724
3725
3733
3733
3737
3740
3743
3743
3744
3746
3746
3755
3763
3768
3770
3779
3780
3785
3792
3798
3799
3804
3809
3809
3810
3814
3817
3819
3827
3836
3841
3850
3853
3859
3864
3870
3871
3879
3883
3887
3890
3891
3895
3901
3901
3910
3912
3912
3920
3923
3928
3935
3937
3940
3947
3953
3958
3964
3971
3980
3984
3992
3996
4003
4010
4013
4019
4026
4034
4043
4050
4057
4065
4072
4078
4086
4095
4102
4109
4112
4117
4126
4127
4135
4137
4145
4148
4157
4161
4165
4172
4179
4184
4185
4186
4192
4198
4206
4208
4215
4223
4223
4226
4234
4237
4239
4244
4248
4257
4258
4258
4258
4261
4268
4276
4278
4285
4288
4296
4299
4299
4301
4305
4314
4319
4327
4330
4337
4339
4342
4348
4357
4366
4366
4366
4375
4380
4382
4383
4390
4390
4391
4392
4392
4396
4399
4407
4409
4418
4426
4432
4437
4442
4448
4449
4457
4465
4473
4473
4482
4488
4495
4504
4510
4518
4526
4535
4539
4546
4553
4556
4565
4573
4582
4590
4590
4594
4597
4605
4613
4618
4626
4635
4643
4648
4656
4665
4665
4665
4666
4672
4672
4679
4684
4684
4688
4692
4695
4699
4699
4703
4710
4716
4722
4725
4730
4731
4739
4747
4755
4758
4764
4771
4774
4775
4777
4784
4790
4798
4800
4805
4813
4821
4823
4828
4831
4838
4839
4841
4849
4856
4865
4874
4878
4883
4886
4891
4899
4907
4908
4915
4920
4928
4937
4938
4944
4950
4955
4956
4964
4967
4970
4975
4976
4981
4983
4989
4991
4998
5003
5003
5004
5012
5014
5018
5018
5023
5032
5036
5041
5043
5044
5048
5054
5060
5062
5065
5066
5066
5070
5071
5077
5085
5094
5098
5099
5106
5112
5118
5119
5128
5136
5143
5151
5157
5166
5171
5178
5178
5178
5182
5183
5184
5192
5192
5194
5202
5209
5209
5212
5219
5223
5229
5231
5240
5244
5252
5252
5261
5262
5271
5273
5281
5285
5293
5293
5293
5293
5302
5305
5306
5311
5320
5325
5332
5333
5333
5340
5340
5346
5347
5352
5354
5360
5364
5368
5372
5373
5382
5389
5390
5391
5395
5397
5402
5408
5409
5416
5424
5430
5438
5445
5452
5457
5466
5474
5476
5476
5481
5487
5488
5494
5495
5495
5498
5499
5508
5511
5518
5525
5526
5527
5527
5527
5532
5537
5545
5547
5552
5559
5561
5568
5575
5581
5584
5586
5590
5598
5598
5598
5600
5607
5607
5607
5609
5618
5618
5620
5626
5629
5636
5642
5644
5647
5655
5656
5657
5660
5660
5661
5668
5669
5673
5679
5683
5685
5691
5693
5695
5703
5709
5714
5718
5727
5732
5736
5739
5744
5750
5759
5766
5771
5775
5781
5781
5781
5787
5787
5793
5802
5804
5812
5815
5822
5828
5828
5833
5837
5844
5852
5858
5858
5860
5869
5875
5875
5878
5883
5892
5901
5908
5908
5916
5921
5926
5930
5933
5942
5945
5945
5947
5952
5955
5960
5966
5970
5975
5980
5985
5987
5994
5997
5998
6007
6007
6007
6016
6016
6020
6026
6035
6037
6038
6042
6044
6048
6053
6054
6062
6063
6068
6076
6079
6087
6095
6098
6105
6108
6115
6120
6124
6124
6128
6131
6134
6135
6143
6151
6159
6160
6164
6171
6172
6181
6181
6183
6188
6190
6196
6200
6200
6202
6202
6202
6207
6213
6213
6216
6218
6225
6225
6229
6233
6242
6243
6247
6252
6255
6259
6267
6271
6276
6276
6276
6285
6293
6299
6300
6307
6315
6324
6331
6336
6339
6348
6356
6359
6364
6369
6376
6376
6376
6380
6387
6396
6405
6414
6415
6416
6416
6425
6426
6435
6437
6446
6446
6449
6451
6454
6460
6468
6469
6469
6475
6481
6489
6489
6491
6497
6506
6514
6517
6525
6531
6536
6543
6550
6553
6553
6558
6562
6563
6564
6564
6565
6567
6568
6570
6577
6584
6587
6591
6600
6605
6608
6610
6613
6617
6625
6628
6636
6640
6646
6648
6651
6651
6651
6657
6666
6675
6676
6676
6685
6692
6693
6702
6705
6714
6718
6718
6724
6728
6733
6736
6738
6744
6746
6754
6759
6765
6765
6773
6780
6783
6787
6788
6789
6796
6799
6805
6809
6810
6817
6818
6819
6824
6830
6835
6836
6841
6841
6850
6853
6860
6863
6872
6875
6883
6888
6893
6894
6900
6905
6914
6919
6925
6930
6938
6939
6945
6949
6952
6956
6961
6966
6971
6973
6973
6982
6982
6988
6996
7000
7006
7006
7013
7022
7027
7036
7045
7046
7055
7059
7064
7068
7074
7082
7086
7087
7088
7094
7096
7105
7111
7120
7129
7137
7141
7146
7153
7159
7163
7163
7172
7173
7182
7182
7182
7183
7185
7191
7196
7200
7200
7203
7208
7213
7214
7223
7232
7237
7240
7240
7241
7247
7253
7254
7263
7272
7273
7276
7283
7287
7289
7296
7300
7305
7305
7312
7315
7324
7324
7325
7331
7338
7347
7355
7361
7368
7377
7377
7378
7386
7387
7395
7398
7402
7409
7411
7413
7422
7426
7432
7436
7439
7444
7453
7459
7467
7471
7477
7477
7479
7484
7486
7487
7494
7495
7498
7499
7503
7506
7508
7509
7512
7520
7529
7530
7535
7542
7543
7551
7551
7558
7565
7574
7582
7591
7597
7606
7615
7617
7623
7627
7633
7637
7638
7647
7656
7658
7663
7670
7670
7677
7680
7689
7694
7702
7705
7705
7706
7713
7717
7725
7734
7740
7747
7749
7749
7755
7758
7758
7760
7764
7764
7764
7773
7780
7782
7786
7790
7796
7801
7808
7811
7820
7829
7829
7834
7841
7842
7849
7853
7853
7856
7860
7867
7872
7873
7881
7890
7899
7902
7903
7909
7918
7927
7932
7941
7941
7948
7957
7965
7969
7969
7975
7976
7976
7985
7986
7987
7989
7993
7997
8001
8009
8014
8014
8019
8019
8022
8029
8033
8037
8045
8054
8062
8064
8065
8065
8065
8073
8078
8087
8087
8094
8097
8106
8109
8112
8117
8117
8117
8117
8119
8119
8122
8125
8129
8134
8138
8144
8147
8151
8157
8161
8167
8172
8172
8181
8183
8183
8184
8186
8194
8198
8205
8208
8214
8215
8222
8224
8229
8235
8238
8243
8251
8255
8259
8266
8266
8267
8275
8283
8285
8294
8295
8302
8305
8310
8315
8323
8324
8326
8334
8342
8345
8354
8360
8361
8363
8368
8371
8374
8377
8383
8388
8392
8399
8400
8403
8412
8414
8421
8423
8424
8424
8425
8430
8433
8442
8445
8447
8451
8454
8458
8458
8466
8466
8474
8482
8482
8490
8490
8493
8502
8508
8516
8519
8527
8530
8537
8545
8549
8558
8564
8569
8570
8577
8583
8587
8596
8603
8604
8610
8618
8627
8635
8637
8638
8643
8646
8651
8659
8663
8666
8667
8675
8675
8675
8678
8678
8687
8694
8701
8705
8705
8705
8711
8717
8718
8727
8729
8730
8735
8742
8742
8746
8752
8759
8764
8767
8776
8778
8780
8783
8791
8794
8800
8802
8805
8811
8819
8820
8822
8823
8823
8826
8827
8835
8837
8837
8840
8841
8849
8857
8865
8866
8869
8876
8880
8883
8888
8896
8902
8905
8905
8909
8916
8922
8924
