5
8
15
17
22
30
34
34
41
46
55
60
69
71
74
78
81
90
94
103
110
113
116
120
127
136
143
147
148
149
151
155
155
159
161
168
170
170
171
178
182
187
189
195
197
203
208
213
221
224
229
230
235
241
246
251
253
262
268
277
281
286
288
294
299
306
315
321
321
325
326
331
331
334
339
341
343
343
346
346
347
349
354
358
367
373
378
381
382
382
391
393
402
405
406
407
416
418
421
427
433
438
439
445
449
453
457
458
465
470
473
476
482
482
485
486
490
499
504
513
519
525
534
539
541
546
554
559
562
565
570
575
581
582
584
591
593
601
607
608
615
619
621
625
627
633
638
647
652
653
661
666
671
674
678
685
686
686
687
691
694
698
701
709
709
712
714
722
726
733
736
742
745
752
752
757
760
762
768
769
771
780
788
791
792
793
798
802
810
819
828
832
837
845
845
849
856
856
865
866
866
871
873
874
878
881
884
892
901
907
909
918
921
929
938
947
952
954
955
964
968
968
975
982
987
991
991
995
1003
1003
1003
1011
1015
1019
1024
1030
1036
1041
1049
1052
1059
1059
1060
1062
1065
1074
1080
1087
1093
1101
1109
1116
1117
1125
1130
1132
1136
1137
1144
1153
1161
1167
1175
1184
1186
1187
1189
1191
1200
1206
1214
1215
1215
1222
1229
1230
1231
1232
1233
1239
1246
1254
1263
1271
1271
1277
1279
1286
1291
1299
1300
1304
1309
1314
1318
1323
1323
1328
1330
1330
1336
1342
1351
1357
1365
1372
1377
1380
1387
1395
1400
1408
1411
1412
1418
1419
1419
1419
1425
1429
1435
1443
1447
1454
1457
1460
1469
1475
1477
1484
1493
1494
1494
1497
1504
1506
1515
1523
1530
1539
1545
1545
1548
1557
1559
1560
1560
1564
1569
1570
1573
1578
1587
1587
1593
1596
1599
1600
1607
1613
1613
1614
1616
1623
1625
1628
1629
1632
1634
1643
1649
1654
1660
1662
1670
1679
1688
1694
1701
1708
1716
1720
1724
1732
1737
1746
1755
1760
1768
1770
1774
1781
1789
1794
1796
1805
1809
1812
1819
1822
1827
1827
1833
1841
1845
1852
1856
1856
1860
1862
1864
1864
1866
1866
1872
1872
1873
1882
1885
1885
1885
1885
1894
1895
1899
1908
1909
1912
1918
1927
1934
1943
1949
1954
1961
1965
1974
1980
1985
1987
1992
2000
2003
2010
2011
2014
2014
2017
2024
2030
2038
2039
2040
2042
2044
2050
2051
2056
2063
2064
2069
2078
2080
2087
2091
2096
2104
2105
2110
2112
2120
2129
2134
2142
2148
2151
2152
2154
2163
2163
2166
2173
2175
2177
2186
2191
2195
2204
2207
2214
2222
2222
2222
2222
2228
2237
2239
2239
2244
2248
2254
2259
2267
2273
2277
2277
2280
2288
2289
2289
2289
2293
2296
2296
2299
2303
2305
2307
2314
2322
2322
2329
2335
2336
2340
2349
2349
2352
2354
2354
2355
2359
2366
2372
2372
2375
2376
2377
2383
2392
2393
2394
2396
2402
2402
2404
2413
2413
2421
2428
2436
2439
2444
2450
2457
2463
2470
2473
2473
2476
2484
2488
2494
2499
2500
2500
2509
2515
2517
2522
2525
2526
2532
2536
2542
2545
2550
2553
2557
2566
2566
2568
2571
2579
2580
2588
2589
2589
2590
2592
2601
2607
2608
2616
2620
2628
2628
2635
2636
2642
2649
2657
2659
2662
2667
2668
2673
2680
2688
2691
2693
2701
2702
2709
2714
2715
2717
2718
2720
2724
2727
2728
2729
2729
2730
2734
2741
2741
2744
2748
2754
2760
2769
2773
2776
2784
2784
2787
2793
2794
2803
2805
2811
2812
2821
2822
2826
2835
2843
2851
2857
2862
2862
2867
2868
2874
2878
2882
2882
2882
2882
2886
2891
2893
2894
2894
2900
2908
2914
2918
2922
2927
2930
2930
2936
2939
2941
2943
2947
2949
2952
2961
2969
2969
2977
2977
2985
2988
2995
3000
3005
3008
3010
3013
3016
3023
3024
3031
3031
3035
3036
3042
3049
3056
3059
3065
3066
3073
3073
3073
3077
3085
3085
3085
3088
3088
3095
3104
3109
3111
3120
3125
3132
3136
3140
3146
3153
3154
3161
3165
3172
3179
3187
3192
3192
3200
3207
3214
3216
3220
3223
3227
3234
3237
3239
3239
3242
3247
3249
3254
3257
3264
3266
3266
3267
3268
3268
3276
3279
3284
3288
3297
3297
3305
3307
3311
3316
3322
3323
3332
3333
3340
3345
3350
3354
3361
3364
3373
3380
3388
3390
3399
3402
3409
3411
3420
3423
3430
3432
3433
3433
3442
3450
3457
3460
3468
3477
3481
3490
3494
3503
3503
3508
3509
3514
3516
3522
3529
3536
3543
3550
3554
3557
3558
3566
3574
3576
3578
3584
3589
3598
3602
3602
3604
3608
3609
3618
3623
3626
3632
3640
3645
3653
3659
3664
3664
3669
3669
3670
3677
3682
3687
3691
3693
3699
3708
3711
3712
3720
3724
3725
3733
3733
3737
3740
3743
3743
3744
3746
3746
3755
3763
3768
3770
3779
3780
3785
3792
3798
3799
3804
3809
3809
3810
3814
3817
3819
3827
3836
3841
3850
3853
3859
3864
3870
3871
3879
3883
3887
3890
3891
3895
3901
3901
3910
3912
3912
3920
3923
3928
3935
3937
3940
3947
3953
3958
3964
3971
3980
3984
3992
3996
4003
4010
4013
4019
4026
4034
4043
4050
4057
4065
4072
4078
4086
4095
4102
4109
4112
4117
4126
4127
4135
4137
4145
4148
4157
4161
4165
4172
4179
4184
4185
4186
4192
4198
4206
4208
4215
4223
4223
4226
4234
4237
4239
4244
4248
4257
4258
4258
4258
4261
4268
4276
4278
4285
4288
4296
4299
4299
4301
4305
4314
4319
4327
4330
4337
4339
4342
4348
4357
4366
4366
4366
4375
4380
4382
4383
4390
4390
4391
4392
4392
4396
4399
4407
4409
4418
4426
4432
4437
4442
4448
4449
4457
4465
4473
4473
4482
4488
4495
4504
4510
4518
4526
4535
4539
4546
4553
4556
4565
4573
4582
4590
4590
4594
4597
4605
4613
4618
4626
4635
4643
4648
4656
4665
4665
4665
4666
4672
4672
4679
4684
4684
4688
4692
4695
4699
4699
4703
4710
4716
4722
4725
4730
4731
4739
4747
4755
4758
4764
4771
4774
4775
4777
4784
4790
4798
4800
4805
4813
4821
4823
4828
4831
4838
4839
4841
4849
4856
4865
4874
4878
4883
4886
4891
4899
4907
4908
4915
4920
4928
4937
4938
4944
4950
4955
4956
4964
4967
4970
4975
4976
4981
4983
4989
4991
4998
5003
5003
5004
5012
5014
5018
5018
5023
5032
5036
5041
5043
5044
5048
5054
5060
5062
5065
5066
5066
5070
5071
5077
5085
5094
5098
5099
5106
5112
5118
5119
5128
5136
5143
5151
5157
5166
5171
5178
5178
5178
5182
5183
5184
5192
5192
5194
5202
5209
5209
5212
5219
5223
5229
5231
5240
5244
5252
5252
5261
5262
5271
5273
5281
5285
5293
5293
5293
5293
5302
5305
5306
5311
5320
5325
5332
5333
5333
5340
5340
5346
5347
5352
5354
5360
5364
5368
5372
5373
5382
5389
5390
5391
5395
5397
5402
5408
5409
5416
5424
5430
5438
5445
5452
5457
5466
5474
5476
5476
5481
5487
5488
5494
5495
5495
5498
5499
5508
5511
5518
5525
5526
5527
5527
5527
5532
5537
5545
5547
5552
5559
5561
5568
5575
5581
5584
5586
5590
5598
5598
5598
5600
5607
5607
5607
5609
5618
5618
5620
5626
5629
5636
5642
5644
5647
5655
5656
5657
5660
5660
5661
5668
5669
5673
5679
5683
5685
5691
5693
5695
5703
5709
5714
5718
5727
5732
5736
5739
5744
5750
5759
5766
5771
5775
5781
5781
5781
5787
5787
5793
5802
5804
5812
5815
5822
5828
5828
5833
5837
5844
5852
5858
5858
5860
5869
5875
5875
5878
5883
5892
5901
5908
5908
5916
5921
5926
5930
5933
5942
5945
5945
5947
5952
5955
5960
5966
5970
5975
5980
5985
5987
5994
5997
5998
6007
6007
6007
6016
6016
6020
6026
6035
6037
6038
6042
6044
6048
6053
6054
6062
6063
6068
6076
6079
6087
6095
6098
6105
6108
6115
6120
6124
6124
6128
6131
6134
6135
6143
6151
6159
6160
6164
6171
6172
6181
6181
6183
6188
6190
6196
6200
6200
6202
6202
6202
6207
6213
6213
6216
6218
6225
6225
6229
6233
6242
6243
6247
6252
6255
6259
6267
6271
6276
6276
6276
6285
6293
6299
6300
6307
6315
6324
6331
6336
6339
6348
6356
6359
6364
6369
6376
6376
6376
6380
6387
6396
6405
6414
6415
6416
6416
6425
6426
6435
6437
6446
6446
6449
6451
6454
6460
6468
6469
6469
6475
6481
6489
6489
6491
6497
6506
6514
6517
6525
6531
6536
6543
6550
6553
6553
6558
6562
6563
6564
6564
6565
6567
6568
6570
6577
6584
6587
6591
6600
6605
6608
6610
6613
6617
6625
6628
6636
6640
6646
6648
6651
6651
6651
6657
6666
6675
6676
6676
6685
6692
6693
6702
6705
6714
6718
6718
6724
6728
6733
6736
6738
6744
6746
6754
6759
6765
6765
6773
6780
6783
6787
6788
6789
6796
6799
6805
6809
6810
6817
6818
6819
6824
6830
6835
6836
6841
6841
6850
6853
6860
6863
6872
6875
6883
6888
6893
6894
6900
6905
6914
6919
6925
6930
6938
6939
6945
6949
6952
6956
6961
6966
6971
6973
6973
6982
6982
6988
6996
7000
7006
7006
7013
7022
7027
7036
7045
7046
7055
7059
7064
7068
7074
7082
7086
7087
7088
7094
7096
7105
7111
7120
7129
7137
7141
7146
7153
7159
7163
7163
7172
7173
7182
7182
7182
7183
7185
7191
7196
7200
7200
7203
7208
7213
7214
7223
7232
7237
7240
7240
7241
7247
7253
7254
7263
7272
7273
7276
7283
7287
7289
7296
7300
7305
7305
7312
7315
7324
7324
7325
7331
7338
7347
7355
7361
7368
7377
7377
7378
7386
7387
7395
7398
7402
7409
7411
7413
7422
7426
7432
7436
7439
7444
7453
7459
7467
7471
7477
7477
7479
7484
7486
7487
7494
7495
7498
7499
7503
7506
7508
7509
7512
7520
7529
7530
7535
7542
7543
7551
7551
7558
7565
7574
7582
7591
7597
7606
7615
7617
7623
7627
7633
7637
7638
7647
7656
7658
7663
7670
7670
7677
7680
7689
7694
7702
7705
7705
7706
7713
7717
7725
7734
7740
7747
7749
7749
7755
7758
7758
7760
7764
7764
7764
7773
7780
7782
7786
7790
7796
7801
7808
7811
7820
7829
7829
7834
7841
7842
7849
7853
7853
7856
7860
7867
7872
7873
7881
7890
7899
7902
7903
7909
7918
7927
7932
7941
7941
7948
7957
7965
7969
7969
7975
7976
7976
7985
7986
7987
7989
7993
7997
8001
8009
8014
8014
8019
8019
8022
8029
8033
8037
8045
8054
8062
8064
8065
8065
8065
8073
8078
8087
8087
8094
8097
8106
8109
8112
8117
8117
8117
8117
8119
8119
8122
8125
8129
8134
8138
8144
8147
8151
8157
8161
8167
8172
8172
8181
8183
8183
8184
8186
8194
8198
8205
8208
8214
8215
8222
8224
8229
8235
8238
8243
8251
8255
8259
8266
8266
8267
8275
8283
8285
8294
8295
8302
8305
8310
8315
8323
8324
8326
8334
8342
8345
8354
8360
8361
8363
8368
8371
8374
8377
8383
8388
8392
8399
8400
8403
8412
8414
8421
8423
8424
8424
8425
8430
8433
8442
8445
8447
8451
8454
8458
8458
8466
8466
8474
8482
8482
8490
8490
8493
8502
8508
8516
8519
8527
8530
8537
8545
8549
8558
8564
8569
8570
8577
8583
8587
8596
8603
8604
8610
8618
8627
8635
8637
8638
8643
8646
8651
8659
8663
8666
8667
8675
8675
8675
8678
8678
8687
8694
8701
8705
8705
8705
8711
8717
8718
8727
8729
8730
8735
8742
8742
8746
8752
8759
8764
8767
8776
8778
8780
8783
8791
8794
8800
8802
8805
8811
8819
8820
8822
8823
8823
8826
8827
8835
8837
8837
8840
8841
8849
8857
8865
8866
8869
8876
8880
8883
8888
8896
8902
8905
8905
8909
8916
8922
8924
8932
8938
8944
8951
8953
8959
8965
8969
8969
8974
8983
8986
8990
8992
8997
8999
9000
9008
9013
9014
9019
9023
9031
9034
9041
9041
9045
9045
9047
9054
9057
9064
9073
9074
9081
9082
9082
9086
9091
9100
9106
9111
9114
9120
9129
9132
9140
9144
9148
9157
9157
9166
9172
9181
9182
9187
9188
9197
9206
9213
9222
9222
9224
9231
9234
9238
9240
9245
9249
9256
9261
9264
9265
9274
9278
9284
9284
9288
9297
9301
9310
9312
9313
9315
9317
9320
9324
9332
9340
9344
9348
9349
9355
9357
9365
9367
9367
9372
9375
9376
9378
9380
9383
9383
9384
9390
9396
9400
9407
9415
9424
9429
9435
9441
9441
9442
9451
9458
9460
9465
9465
9470
9479
9488
9494
9499
9500
9507
9514
9519
9520
9526
9530
9537
9544
9552
9552
9555
9560
9563
9563
9565
9570
9575
9583
9591
9595
9598
9603
9605
9607
9609
9615
9623
9631
9633
9638
9643
9651
9655
9661
9668
9673
9674
9676
9677
9679
9680
9689
9692
9700
9702
9711
9717
9721
9730
9739
9748
9752
9760
9768
9768
9773
9779
9780
9788
9789
9790
9793
9795
9801
9810
9811
9818
9825
9826
9829
9830
9838
9846
9849
9851
9853
9854
9860
9867
9867
9871
9876
9878
9884
9893
9893
9897
9905
9905
9910
9913
9919
9924
9933
9937
9941
9943
9950
9953
9957
9960
9968
9973
9977
9980
9988
9994
9995
10002
10011
10017
10025
10026
10028
10034
10041
10048
10051
10052
10060
10064
10072
10079
10086
10089
10093
10100
10109
10114
10115
10120
10126
10127
10129
10131
10140
10144
10152
10157
10165
10172
10175
10182
10188
10193
10193
10195
10196
10201
10209
10210
10214
10222
10222
10223
10226
10229
10235
10244
10246
10248
10249
10250
10251
10259
10264
10273
10273
10281
10285
10287
10291
10298
10302
10309
10318
10322
10323
10328
10328
10336
10339
10344
10353
10354
10362
10363
10371
10379
10386
10394
10396
10396
10405
10408
10414
10415
10420
10426
10431
10433
10435
10441
10444
10449
10450
10451
10460
10467
10471
10472
10480
10481
10482
10486
10488
10492
10495
10502
10503
10508
10512
10515
10519
10522
10528
10534
10541
10548
10552
10558
10563
10569
10569
10577
10583
10585
10590
10590
10597
10597
10604
10604
10610
10614
10615
10619
10623
10626
10627
10635
10641
10642
10646
10646
10649
10650
10657
10664
10665
10666
10666
10668
10675
10680
10681
10685
10688
10696
10702
10706
10711
10720
10724
10728
10736
10738
10741
10747
10747
10756
10762
10764
10764
10769
10769
10778
10784
10785
10792
10792
10796
10802
10809
10813
10815
10818
10824
10829
10829
10837
10838
10841
10848
10854
10862
10863
10866
10870
10873
10874
10875
10877
10885
10890
10895
10896
10900
10901
10909
10917
10926
10935
10935
10939
10943
10944
10949
10955
10956
10960
10969
10976
10981
10982
10990
10992
10994
11003
11008
11013
11015
11020
11028
11035
11037
11038
11043
11051
11055
11058
11061
11067
11075
11079
11080
11080
11083
11085
11086
11093
11095
11098
11103
11112
11116
11119
11119
11124
11128
11132
11137
11145
11152
11153
11156
11162
11169
11172
11180
11181
11186
11193
11193
11199
11207
11213
11216
11219
11228
11232
11240
11244
11244
11248
11254
11263
11267
11274
11283
11292
11300
11301
11304
11311
11315
11321
11328
11336
11339
11339
11342
11345
11353
11359
11366
11372
11379
11386
11393
11393
11396
11405
11411
11417
11420
11425
11434
11437
11443
11450
11456
11464
11468
11470
11474
11475
11477
11481
11489
11495
11502
11505
11506
11515
11515
11520
11525
11533
11538
11545
11554
11562
11563
11563
11572
11572
11574
11576
11576
11576
11583
11585
11585
11591
11592
11599
11603
11606
11612
11618
11619
11625
11626
11628
11636
11644
11651
11656
11658
11662
11668
11677
11681
11686
11694
11696
11701
11706
11708
11710
11718
11720
11729
11730
11737
11745
11751
11754
11761
11769
11775
11784
11784
11786
11795
11795
11795
11803
11806
11807
11814
11817
11819
11820
11828
11832
11838
11841
11844
11852
11855
11856
11861
11864
11868
11871
11879
11886
11887
11890
11895
11896
11896
11900
11900
11909
11911
11915
11915
11921
11922
11923
11924
11925
11926
11927
11928
11936
11938
11939
11939
11940
11949
11953
11953
11953
11956
11959
11964
11973
11973
11979
11984
11992
11999
11999
12007
12016
12024
12024
12033
12040
12042
12051
12052
12058
12060
12063
12067
12069
12074
12083
12092
12097
12099
12108
12109
12116
12121
12126
12135
12144
12148
12148
12151
12153
12153
12158
12159
12163
12169
12173
12178
12180
12186
12194
12194
12202
12205
12213
12218
12219
12223
12230
12235
12235
12244
12246
12254
12260
12262
12269
12274
12282
12283
12291
12297
12305
12310
12315
12315
12315
12317
12326
12329
12336
12345
12347
12348
12351
12355
12357
12364
12372
12374
12381
12386
12386
12390
12394
12401
12403
12412
12420
12424
12428
12431
12438
12442
12451
12460
12469
12469
12472
12474
12482
12486
12493
12497
12502
12502
12506
12514
12523
12532
12541
12542
12551
12552
12557
12562
12565
12573
12575
12584
12585
12591
12597
12599
12604
12604
12606
12608
12608
12614
12619
12624
12627
12635
12639
12647
12652
12657
12666
12668
12676
12679
12686
12687
12696
12700
12700
12708
12713
12721
12727
12733
12734
12742
12745
12751
12752
12758
12762
12771
12776
12781
12783
12791
12797
12799
12803
12812
12821
12823
12827
12831
12840
12844
12849
12851
12851
12854
12859
12860
12868
12871
12878
12880
12889
12895
12904
12905
12911
12911
12915
12922
12923
12929
12936
12943
12952
12952
12955
12961
12963
12966
12967
12969
12978
12979
12979
12984
12990
12993
12994
13002
13011
13013
13021
13029
13034
13040
13044
13047
13056
13062
13062
13064
13070
13074
13080
13086
13086
13086
13092
13100
13101
13102
13108
13110
13112
13120
13127
13127
13136
13142
13149
13151
13155
13159
13159
13160
13166
13171
13177
13177
13185
13191
13193
13194
13196
13196
13205
13211
13216
13217
13224
13229
13229
13234
13241
13244
13246
13247
13251
13259
13265
13271
13271
13274
13283
13290
13294
13299
13300
13307
13310
13310
13319
13321
13329
13333
13341
13350
13359
13360
13364
13371
13372
13373
13377
13381
13383
13391
13394
13394
13394
13396
13404
13412
13417
13418
13427
13436
13443
13452
13458
13466
13470
13477
13486
13490
13491
13492
13496
13502
13509
13517
13523
13524
13532
13537
13539
13543
13549
13556
13561
13568
13574
13578
13579
13587
13589
13590
13594
13602
13610
13618
13626
13627
13634
13639
13643
13647
13656
13663
13671
13676
13683
13684
13689
13690
13693
13699
13705
13711
13714
13714
13719
13722
13725
13731
13737
13743
13747
13750
13756
13760
13761
13767
13767
13774
13778
13783
13787
13793
13802
13807
13807
13814
13820
13824
13826
13831
13838
13840
13844
13846
13851
13851
13859
13864
13872
13877
13877
13885
13892
13897
13897
13902
13909
13914
13914
13917
13924
13933
13934
13939
13941
13947
13952
13953
13959
13961
13968
13971
13973
13973
13978
13981
13986
13990
13998
14001
14010
14018
14019
14021
14024
14026
14030
14039
14046
14050
14059
14065
14066
14071
14076
14076
14079
14087
14089
14093
14098
14100
14108
14115
14118
14127
14128
14137
14138
14144
14144
14144
14145
14148
14148
14151
14151
14154
14158
14162
14167
14167
14169
14173
14181
14181
14189
14196
14205
14212
14212
14216
14220
14226
14233
14239
14244
14253
14261
14266
14266
14266
14267
14274
14277
14284
14290
14295
14296
14304
14311
14311
14314
14321
14330
14332
14333
14340
14346
14353
14358
14360
14367
14369
14374
14382
14386
14390
14395
14403
14410
14412
14418
14422
14428
14432
14436
14438
14444
14450
14452
14453
14462
14465
14469
14475
14476
14482
14487
14487
14489
14491
14492
14496
14500
14506
14510
14511
14515
14519
14519
14522
14523
14526
14527
14528
14535
14537
14546
14553
14562
14571
14572
14573
14577
14586
14588
14596
14601
14608
14609
14616
14617
14626
14626
14626
14630
14639
14648
14651
14657
14663
14669
14678
14682
14683
14684
14690
14694
14703
14711
14714
14719
14725
14731
14740
14744
14745
14753
14762
14771
14773
14775
14778
14782
14790
14799
14799
14804
14808
14808
14816
14824
14828
14830
14832
14835
14844
14851
14852
14857
14866
14874
14880
14882
14890
14897
14906
14912
14919
14928
14929
14937
14937
14937
14937
14943
14947
14951
14959
14965
14973
14980
14983
14989
14989
14993
14995
15003
15007
15008
15016
15019
15028
15034
15043
15050
15053
15054
15055
15063
15065
15068
15075
15078
15087
15087
15087
15096
15097
15097
15101
15103
15103
15105
15108
15114
15115
15115
15121
15127
15128
15132
15136
15141
15146
15153
15159
15168
15172
15174
15176
15180
15180
15189
15193
15199
15201
15201
15207
15216
15225
15230
15239
15240
15240
15248
15248
15256
15259
15267
15272
15272
15277
15279
15286
15286
15286
15290
15291
15292
15297
15303
15305
15310
15318
15318
15322
15328
15330
15332
15333
15335
15341
15341
15350
15356
15356
15365
15365
15368
15377
15383
15385
15391
15396
15399
15406
15408
15408
15410
15415
15417
15424
15425
15432
15437
15445
15448
15457
15465
15471
15475
15476
15478
15486
15493
15497
15505
15506
15515
15517
15526
15530
15533
15538
15543
15549
15551
15551
15557
15566
15566
15573
15581
15590
15597
15603
15607
15609
15616
15620
15625
15628
15633
15641
15648
15649
15649
15655
15659
15666
15669
15675
15684
15688
15695
15701
15701
15707
15710
15716
15721
15724
15726
15730
15732
15736
15736
15736
15739
15743
15748
15750
15759
15767
15768
15771
15772
15779
15783
15789
15797
15801
15802
15808
15811
15814
15819
15819
15823
15831
15835
15835
15838
15842
15851
15851
15858
15861
15867
15876
15884
15886
15894
15903
15907
15913
15919
15927
15932
15938
15945
15953
15955
15962
15964
15969
15972
15975
15983
15991
15994
16000
16007
16016
16022
16024
16032
16033
16042
16045
16045
16048
16049
16057
16061
16061
16065
16069
16071
16071
16078
16080
16080
16089
16095
16095
16102
16108
16114
16118
16123
16130
16134
16135
16143
16145
16145
16151
16160
16160
16164
16165
16171
16178
16183
16189
16191
16191
16195
16204
16207
16216
16225
16226
16229
16230
16239
16247
16249
16256
16258
16262
16264
16269
16275
16276
16277
16279
16280
16284
16291
16297
16302
16306
16310
16317
16325
16327
16336
16337
16345
16351
16351
16354
16356
16356
16358
16359
16364
16373
16382
16388
16391
16396
16404
16412
16419
16428
16430
16437
16445
16452
16459
16463
16463
16470
16473
16474
16482
16490
16492
16496
16496
16496
16505
16512
16513
16518
16520
16522
16522
16529
16532
16538
16539
16544
16553
16560
16562
16571
16573
16582
16589
16596
16596
16604
16613
16614
16614
16620
16628
16632
16639
16640
16647
16647
16656
16661
16662
16667
16674
16678
16687
16688
16688
16689
16691
16691
16696
16699
16699
16700
16701
16702
16707
16709
16714
16718
16718
16725
16732
16739
16747
16751
16752
16756
16756
16761
16768
16768
16774
16778
16784
16790
16793
16800
16809
16809
16812
16813
16817
16817
16824
16830
16837
16844
16846
16849
16856
16857
16860
16865
16872
16878
16884
16892
16898
16905
16907
16908
16912
16917
16920
16921
16924
16932
16939
16942
16949
16950
16951
16954
16955
16961
16965
16970
16979
16988
16992
17000
17001
17005
17005
17011
17017
17018
17021
17021
17027
17029
17037
17044
17049
17049
17058
17064
17067
17073
17074
17080
17081
17087
17089
17095
17097
17103
17109
17116
17116
17124
17130
17134
17135
17140
17149
17151
17154
17161
17162
17169
17176
17183
17187
17190
17192
17195
17197
17201
17210
17217
17225
17226
17230
17236
17244
17245
17250
17257
17266
17271
17271
17276
17280
17280
17280
17286
17294
17294
17302
17310
17312
17317
17321
17326
17333
17335
17343
17345
17354
17362
17363
17371
17378
17381
17385
17389
17390
17394
17397
17406
17406
17406
17414
17420
17424
17426
17429
17429
17432
17438
17446
17447
17451
17460
17461
17466
17468
17472
17473
17479
17484
17484
17490
17496
17502
17511
17519
17527
17530
17536
17541
17542
17544
17547
17553
17560
17568
17572
17575
17581
17585
17592
17592
17596
17605
17609
17610
17610
17615
17621
17626
17632
17633
17639
17642
17647
17649
17652
17660
17666
17669
17674
17677
17685
17685
17691
17699
17705
17708
17710
17711
17717
17726
17727
17729
17730
17734
17736
17744
17748
17752
17755
17760
17760
17761
17767
17770
17779
17783
17787
17793
17802
17809
17809
17816
17824
17824
17825
17826
17830
17837
17843
17852
17859
17866
17866
17870
17877
17883
17889
17895
17904
17910
17918
17926
