5
8
15
17
22
30
34
34
41
46
55
60
69
71
74
78
81
90
94
103
110
113
116
120
127
136
143
147
148
149
151
155
155
159
161
168
170
170
171
178
182
187
189
195
197
203
208
213
221
224
229
230
235
241
246
251
253
262
268
277
281
286
288
294
299
306
315
321
321
325
326
331
331
334
339
341
343
343
346
346
347
349
354
358
367
373
378
381
382
382
391
393
402
405
406
407
416
418
421
427
433
438
439
445
449
453
457
458
465
470
473
476
482
482
485
486
490
499
504
513
519
525
534
539
541
546
554
559
562
565
570
575
581
582
584
591
593
601
607
608
615
619
621
625
627
633
638
647
652
653
661
666
671
674
678
685
686
686
687
691
694
698
701
709
709
712
714
722
726
733
736
742
745
752
752
757
760
762
768
769
771
780
788
791
792
793
798
802
810
819
828
832
837
845
845
849
856
856
865
866
866
871
873
874
878
881
884
892
901
907
909
918
921
929
938
947
952
954
955
964
968
968
975
982
987
991
991
995
1003
1003
1003
1011
1015
1019
1024
1030
1036
1041
1049
1052
1059
1059
1060
1062
1065
1074
1080
1087
1093
1101
1109
1116
1117
1125
1130
1132
1136
1137
1144
1153
1161
1167
1175
1184
1186
1187
1189
1191
1200
1206
1214
1215
1215
1222
1229
1230
1231
1232
1233
1239
1246
1254
1263
1271
1271
1277
1279
1286
1291
1299
1300
1304
1309
1314
1318
1323
1323
1328
1330
1330
1336
1342
1351
1357
1365
1372
1377
1380
1387
1395
1400
1408
1411
1412
1418
1419
1419
1419
1425
1429
1435
1443
1447
1454
1457
1460
1469
1475
1477
1484
1493
1494
1494
1497
1504
1506
1515
1523
1530
1539
1545
1545
1548
1557
1559
1560
1560
1564
1569
1570
1573
1578
1587
1587
1593
1596
1599
1600
1607
1613
1613
1614
1616
1623
1625
1628
1629
1632
1634
1643
1649
1654
1660
1662
1670
1679
1688
1694
1701
1708
1716
1720
1724
1732
1737
1746
1755
1760
1768
1770
1774
1781
1789
1794
1796
1805
1809
1812
1819
1822
1827
1827
1833
1841
1845
1852
1856
1856
1860
1862
1864
1864
1866
1866
1872
1872
1873
1882
1885
1885
1885
1885
1894
1895
1899
1908
1909
1912
1918
1927
1934
1943
1949
1954
1961
1965
1974
1980
1985
1987
1992
2000
2003
2010
2011
2014
2014
2017
2024
2030
2038
2039
2040
2042
2044
2050
2051
2056
2063
2064
2069
2078
2080
2087
2091
2096
2104
2105
2110
2112
2120
2129
2134
2142
2148
2151
2152
2154
2163
2163
2166
2173
2175
2177
2186
2191
2195
2204
2207
2214
2222
2222
2222
2222
2228
2237
2239
2239
2244
2248
2254
2259
2267
2273
2277
2277
2280
2288
2289
2289
2289
2293
2296
2296
2299
2303
2305
2307
2314
2322
2322
2329
2335
2336
2340
2349
2349
2352
2354
2354
2355
2359
2366
2372
2372
2375
2376
2377
2383
2392
2393
2394
2396
2402
2402
2404
2413
2413
2421
2428
2436
2439
2444
2450
2457
2463
2470
2473
2473
2476
2484
2488
2494
2499
2500
2500
2509
2515
2517
2522
2525
2526
2532
2536
2542
2545
2550
2553
2557
2566
2566
2568
2571
2579
2580
2588
2589
2589
2590
2592
2601
2607
2608
2616
2620
2628
2628
2635
2636
2642
2649
2657
2659
2662
2667
2668
2673
2680
2688
2691
2693
2701
2702
2709
2714
2715
2717
2718
2720
2724
2727
2728
2729
2729
2730
2734
2741
2741
2744
2748
2754
2760
2769
2773
2776
2784
2784
2787
2793
2794
2803
2805
2811
2812
2821
2822
2826
2835
2843
2851
2857
2862
2862
2867
2868
2874
2878
2882
2882
2882
2882
2886
2891
2893
2894
2894
2900
2908
2914
2918
2922
2927
2930
2930
2936
2939
2941
2943
2947
2949
2952
2961
2969
2969
2977
2977
2985
2988
2995
3000
3005
3008
3010
3013
3016
3023
3024
3031
3031
3035
3036
3042
3049
3056
3059
3065
3066
3073
3073
3073
3077
3085
3085
3085
3088
3088
3095
3104
3109
3111
3120
3125
3132
3136
3140
3146
3153
3154
3161
3165
3172
3179
3187
3192
3192
3200
3207
3214
3216
3220
3223
3227
3234
3237
3239
3239
3242
3247
3249
3254
3257
3264
3266
3266
3267
3268
3268
3276
3279
3284
3288
3297
3297
3305
3307
3311
3316
3322
3323
3332
3333
3340
3345
3350
3354
3361
3364
3373
3380
3388
3390
3399
3402
3409
3411
3420
3423
3430
3432
3433
3433
3442
3450
3457
3460
3468
3477
3481
3490
3494
3503
3503
3508
3509
3514
3516
3522
3529
3536
3543
3550
3554
3557
3558
3566
3574
3576
3578
3584
3589
3598
3602
3602
3604
3608
3609
3618
3623
3626
3632
3640
3645
3653
3659
3664
3664
3669
3669
3670
3677
3682
3687
3691
3693
3699
3708
3711
3712
3720
3724
3725
3733
3733
3737
3740
3743
3743
3744
3746
3746
3755
3763
3768
3770
3779
3780
3785
3792
3798
3799
3804
3809
3809
3810
3814
3817
3819
3827
3836
3841
3850
3853
3859
3864
3870
3871
3879
3883
3887
3890
3891
3895
3901
3901
3910
3912
3912
3920
3923
3928
3935
3937
3940
3947
3953
3958
3964
3971
3980
3984
3992
3996
4003
4010
4013
4019
4026
4034
4043
4050
4057
4065
4072
4078
4086
4095
4102
4109
4112
4117
4126
4127
4135
4137
4145
4148
4157
4161
4165
4172
4179
4184
4185
4186
4192
4198
4206
4208
4215
4223
4223
4226
4234
4237
4239
4244
4248
4257
4258
4258
4258
4261
4268
4276
4278
4285
4288
4296
4299
4299
4301
4305
4314
4319
4327
4330
4337
4339
4342
4348
4357
4366
4366
4366
4375
4380
4382
4383
4390
4390
4391
4392
4392
4396
4399
4407
4409
4418
4426
4432
4437
4442
4448
4449
4457
4465
4473
4473
4482
4488
4495
4504
4510
4518
4526
4535
4539
4546
4553
4556
4565
4573
4582
4590
4590
4594
4597
4605
4613
4618
4626
4635
4643
4648
4656
4665
4665
4665
4666
4672
4672
4679
4684
4684
4688
4692
4695
4699
4699
4703
4710
4716
4722
4725
4730
4731
4739
4747
4755
4758
4764
4771
4774
4775
4777
4784
4790
4798
4800
4805
4813
4821
4823
4828
4831
4838
4839
4841
4849
4856
4865
4874
4878
4883
4886
4891
4899
4907
4908
4915
4920
4928
4937
4938
4944
4950
4955
4956
4964
4967
4970
4975
4976
4981
4983
4989
4991
4998
5003
5003
5004
5012
5014
5018
5018
5023
5032
5036
5041
5043
5044
5048
5054
5060
5062
5065
5066
5066
5070
5071
5077
5085
5094
5098
5099
5106
5112
5118
5119
5128
5136
5143
5151
5157
5166
5171
5178
5178
5178
5182
5183
5184
5192
5192
5194
5202
5209
5209
5212
5219
5223
5229
5231
5240
5244
5252
5252
5261
5262
5271
5273
5281
5285
5293
5293
5293
5293
5302
5305
5306
5311
5320
5325
5332
5333
5333
5340
5340
5346
5347
5352
5354
5360
5364
5368
5372
5373
5382
5389
5390
5391
5395
5397
5402
5408
5409
5416
5424
5430
5438
5445
5452
5457
5466
5474
5476
5476
5481
5487
5488
5494
5495
5495
5498
5499
5508
5511
5518
5525
5526
5527
5527
5527
5532
5537
5545
5547
5552
5559
5561
5568
5575
5581
5584
5586
5590
5598
5598
5598
5600
5607
5607
5607
5609
5618
5618
5620
5626
5629
5636
5642
5644
5647
5655
5656
5657
5660
5660
5661
5668
5669
5673
5679
5683
5685
5691
5693
5695
5703
5709
5714
5718
5727
5732
5736
5739
5744
5750
5759
5766
5771
5775
5781
5781
5781
5787
5787
5793
5802
5804
5812
5815
5822
5828
5828
5833
5837
5844
5852
5858
5858
5860
5869
5875
5875
5878
5883
5892
5901
5908
5908
5916
5921
5926
5930
5933
5942
5945
5945
5947
5952
5955
5960
5966
5970
5975
5980
5985
5987
5994
5997
5998
6007
6007
6007
6016
6016
6020
6026
6035
6037
6038
6042
6044
6048
6053
6054
6062
6063
6068
6076
6079
6087
6095
6098
6105
6108
6115
6120
6124
6124
6128
6131
6134
6135
6143
6151
6159
6160
6164
6171
6172
6181
6181
6183
6188
6190
6196
6200
6200
6202
6202
6202
6207
6213
6213
6216
6218
6225
6225
6229
6233
6242
6243
6247
6252
6255
6259
6267
6271
6276
6276
6276
6285
6293
6299
6300
6307
6315
6324
6331
6336
6339
6348
6356
6359
6364
6369
6376
6376
6376
6380
6387
6396
6405
6414
6415
6416
6416
6425
6426
6435
6437
6446
6446
6449
6451
6454
6460
6468
6469
6469
6475
6481
6489
6489
6491
6497
6506
6514
6517
6525
6531
6536
6543
6550
6553
6553
6558
6562
6563
6564
6564
6565
6567
6568
6570
6577
6584
6587
6591
6600
6605
6608
6610
6613
6617
6625
6628
6636
6640
6646
6648
6651
6651
6651
6657
6666
6675
6676
6676
6685
6692
6693
6702
6705
6714
6718
6718
6724
6728
6733
6736
6738
6744
6746
6754
6759
6765
6765
6773
6780
6783
6787
6788
6789
6796
6799
6805
6809
6810
6817
6818
6819
6824
6830
6835
6836
6841
6841
6850
6853
6860
6863
6872
6875
6883
6888
6893
6894
6900
6905
6914
6919
6925
6930
6938
6939
6945
6949
6952
6956
6961
6966
6971
6973
6973
6982
6982
6988
6996
7000
7006
7006
7013
7022
7027
7036
7045
7046
7055
7059
7064
7068
7074
7082
7086
7087
7088
7094
7096
7105
7111
7120
7129
7137
7141
7146
7153
7159
7163
7163
7172
7173
7182
7182
7182
7183
7185
7191
7196
7200
7200
7203
7208
7213
7214
7223
7232
7237
7240
7240
7241
7247
7253
7254
7263
7272
7273
7276
7283
7287
7289
7296
7300
7305
7305
7312
7315
7324
7324
7325
7331
7338
7347
7355
7361
7368
7377
7377
7378
7386
7387
7395
7398
7402
7409
7411
7413
7422
7426
7432
7436
7439
7444
7453
7459
7467
7471
7477
7477
7479
7484
7486
7487
7494
7495
7498
7499
7503
7506
7508
7509
7512
7520
7529
7530
7535
7542
7543
7551
7551
7558
7565
7574
7582
7591
7597
7606
7615
7617
7623
7627
7633
7637
7638
7647
7656
7658
7663
7670
7670
7677
7680
7689
7694
7702
7705
7705
7706
7713
7717
7725
7734
7740
7747
7749
7749
7755
7758
7758
7760
7764
7764
7764
7773
7780
7782
7786
7790
7796
7801
7808
7811
7820
7829
7829
7834
7841
7842
7849
7853
7853
7856
7860
7867
7872
7873
7881
7890
7899
7902
7903
7909
7918
7927
7932
7941
7941
7948
7957
7965
7969
7969
7975
7976
7976
7985
7986
7987
7989
7993
7997
8001
8009
8014
8014
8019
8019
8022
8029
8033
8037
8045
8054
8062
8064
8065
8065
8065
8073
8078
8087
8087
8094
8097
8106
8109
8112
8117
8117
8117
8117
8119
8119
8122
8125
8129
8134
8138
8144
8147
8151
8157
8161
8167
8172
8172
8181
8183
8183
8184
8186
8194
8198
8205
8208
8214
8215
8222
8224
8229
8235
8238
8243
8251
8255
8259
8266
8266
8267
8275
8283
8285
8294
8295
8302
8305
8310
8315
8323
8324
8326
8334
8342
8345
8354
8360
8361
8363
8368
8371
8374
8377
8383
8388
8392
8399
8400
8403
8412
8414
8421
8423
8424
8424
8425
8430
8433
8442
8445
8447
8451
8454
8458
8458
8466
8466
8474
8482
8482
8490
8490
8493
8502
8508
8516
8519
8527
8530
8537
8545
8549
8558
8564
8569
8570
8577
8583
8587
8596
8603
8604
8610
8618
8627
8635
8637
8638
8643
8646
8651
8659
8663
8666
8667
8675
8675
8675
8678
8678
8687
8694
8701
8705
8705
8705
8711
8717
8718
8727
8729
8730
8735
8742
8742
8746
8752
8759
8764
8767
8776
8778
8780
8783
8791
8794
8800
8802
8805
8811
8819
8820
8822
8823
8823
8826
8827
8835
8837
8837
8840
8841
8849
8857
8865
8866
8869
8876
8880
8883
8888
8896
8902
8905
8905
8909
8916
8922
8924
8932
8938
8944
8951
8953
8959
8965
8969
8969
8974
8983
8986
8990
8992
8997
8999
9000
9008
9013
9014
9019
9023
9031
9034
9041
9041
9045
9045
9047
9054
9057
9064
9073
9074
9081
9082
9082
9086
9091
9100
9106
9111
9114
9120
9129
9132
9140
9144
9148
9157
9157
9166
9172
9181
9182
9187
9188
9197
9206
9213
9222
9222
9224
9231
9234
9238
9240
9245
9249
9256
9261
9264
9265
9274
9278
9284
9284
9288
9297
9301
9310
9312
9313
9315
9317
9320
9324
9332
9340
9344
9348
9349
9355
9357
9365
9367
9367
9372
9375
9376
9378
9380
9383
9383
9384
9390
9396
9400
9407
9415
9424
9429
9435
9441
9441
9442
9451
9458
9460
9465
9465
9470
9479
9488
9494
9499
9500
9507
9514
9519
9520
9526
9530
9537
9544
9552
9552
9555
9560
9563
9563
9565
9570
9575
9583
9591
9595
9598
9603
9605
9607
9609
9615
9623
9631
9633
9638
9643
9651
9655
9661
9668
9673
9674
9676
9677
9679
9680
9689
9692
9700
9702
9711
9717
9721
9730
9739
9748
9752
9760
9768
9768
9773
9779
9780
9788
9789
9790
9793
9795
9801
9810
9811
9818
9825
9826
9829
9830
9838
9846
9849
9851
9853
9854
9860
9867
9867
9871
9876
9878
9884
9893
9893
9897
9905
9905
9910
9913
9919
9924
9933
9937
9941
9943
9950
9953
9957
9960
9968
9973
9977
9980
9988
9994
9995
10002
10011
10017
10025
10026
10028
10034
10041
10048
10051
10052
10060
10064
10072
10079
10086
10089
10093
10100
10109
10114
10115
10120
10126
10127
10129
10131
10140
10144
10152
10157
10165
10172
10175
10182
10188
10193
10193
10195
10196
10201
10209
10210
10214
10222
10222
10223
10226
10229
10235
10244
10246
10248
10249
10250
10251
10259
10264
10273
10273
10281
10285
10287
10291
10298
10302
10309
10318
10322
10323
10328
10328
10336
10339
10344
10353
10354
10362
10363
10371
10379
10386
10394
10396
10396
10405
10408
10414
10415
10420
10426
10431
10433
10435
10441
10444
10449
10450
10451
10460
10467
10471
10472
10480
10481
10482
10486
10488
10492
10495
10502
10503
10508
10512
10515
10519
10522
10528
10534
10541
10548
10552
10558
10563
10569
10569
10577
10583
10585
10590
10590
10597
10597
10604
10604
10610
10614
10615
10619
10623
10626
10627
10635
10641
10642
10646
10646
10649
10650
10657
10664
10665
10666
10666
10668
10675
10680
10681
10685
10688
10696
10702
10706
10711
10720
10724
10728
10736
10738
10741
10747
10747
10756
10762
10764
10764
10769
10769
10778
10784
10785
10792
10792
10796
10802
10809
10813
10815
10818
10824
10829
10829
10837
10838
10841
10848
10854
10862
10863
10866
10870
10873
10874
10875
10877
10885
10890
10895
10896
10900
10901
10909
10917
10926
10935
10935
10939
10943
10944
10949
10955
10956
10960
10969
10976
10981
10982
10990
10992
10994
11003
11008
11013
11015
11020
11028
11035
11037
11038
11043
11051
11055
11058
11061
11067
11075
11079
11080
11080
11083
11085
11086
11093
11095
11098
11103
11112
11116
11119
11119
11124
11128
11132
11137
11145
11152
11153
11156
11162
11169
11172
11180
11181
11186
11193
11193
11199
11207
11213
11216
11219
11228
11232
11240
11244
11244
11248
11254
11263
11267
11274
11283
11292
11300
11301
11304
11311
11315
11321
11328
11336
11339
11339
11342
11345
11353
11359
11366
11372
11379
11386
11393
11393
11396
11405
11411
11417
11420
11425
11434
11437
11443
11450
11456
11464
11468
11470
11474
11475
11477
11481
11489
11495
11502
11505
11506
11515
11515
11520
11525
11533
11538
11545
11554
11562
11563
11563
11572
11572
11574
11576
11576
11576
11583
11585
11585
11591
11592
11599
11603
11606
11612
11618
11619
11625
11626
11628
11636
11644
11651
11656
11658
11662
11668
11677
11681
11686
11694
11696
11701
11706
11708
11710
11718
11720
11729
11730
11737
11745
11751
11754
11761
11769
11775
11784
11784
11786
11795
11795
11795
11803
11806
11807
11814
11817
11819
11820
11828
11832
11838
11841
11844
11852
11855
11856
11861
11864
11868
11871
11879
11886
11887
11890
11895
11896
11896
11900
11900
11909
11911
11915
11915
11921
11922
11923
11924
11925
11926
11927
11928
11936
11938
11939
11939
11940
11949
11953
11953
11953
11956
11959
11964
11973
11973
11979
11984
11992
11999
11999
12007
12016
12024
12024
12033
12040
12042
12051
12052
12058
12060
12063
12067
12069
12074
12083
12092
12097
12099
12108
12109
12116
12121
12126
12135
12144
12148
12148
12151
12153
12153
12158
12159
12163
12169
12173
12178
12180
12186
12194
12194
12202
12205
12213
12218
12219
12223
12230
12235
12235
12244
12246
12254
12260
12262
12269
12274
12282
12283
12291
12297
12305
12310
12315
12315
12315
12317
12326
12329
12336
12345
12347
12348
12351
12355
12357
12364
12372
12374
12381
12386
12386
12390
12394
12401
12403
12412
12420
12424
12428
12431
12438
12442
12451
12460
12469
12469
12472
12474
12482
12486
12493
12497
12502
12502
12506
12514
12523
12532
12541
12542
12551
12552
12557
12562
12565
12573
12575
12584
12585
12591
12597
12599
12604
12604
12606
12608
12608
12614
12619
12624
12627
12635
12639
12647
12652
12657
12666
12668
12676
12679
12686
12687
12696
12700
12700
12708
12713
12721
12727
12733
12734
12742
12745
12751
12752
12758
12762
12771
12776
12781
12783
12791
12797
12799
12803
12812
12821
12823
12827
12831
12840
12844
12849
12851
12851
12854
12859
12860
12868
12871
12878
12880
12889
12895
12904
12905
12911
12911
12915
12922
12923
12929
12936
12943
12952
12952
12955
12961
12963
12966
12967
12969
12978
12979
12979
12984
12990
12993
12994
13002
13011
13013
13021
13029
13034
13040
13044
13047
13056
13062
13062
13064
13070
13074
13080
13086
13086
13086
13092
13100
13101
13102
13108
13110
13112
13120
13127
13127
13136
13142
13149
13151
13155
13159
13159
13160
13166
13171
13177
13177
13185
13191
13193
13194
13196
13196
13205
13211
13216
13217
13224
13229
13229
13234
13241
13244
13246
13247
13251
13259
13265
13271
13271
13274
13283
13290
13294
13299
13300
13307
13310
13310
13319
13321
13329
13333
13341
13350
13359
13360
13364
13371
13372
13373
13377
13381
13383
13391
13394
13394
13394
13396
13404
13412
13417
13418
13427
13436
13443
13452
13458
13466
13470
13477
13486
13490
13491
13492
13496
13502
13509
13517
13523
13524
13532
13537
13539
13543
13549
13556
13561
13568
13574
13578
13579
13587
13589
13590
13594
13602
13610
13618
13626
13627
13634
13639
13643
13647
13656
13663
13671
13676
13683
13684
13689
13690
13693
13699
13705
13711
13714
13714
13719
13722
13725
13731
13737
13743
13747
13750
13756
13760
13761
13767
13767
13774
13778
13783
13787
13793
13802
13807
13807
13814
13820
13824
13826
13831
13838
13840
13844
13846
13851
13851
13859
13864
13872
13877
13877
13885
13892
13897
13897
13902
13909
13914
13914
13917
13924
13933
13934
13939
13941
13947
13952
13953
13959
13961
13968
13971
13973
13973
13978
13981
13986
13990
13998
14001
14010
14018
14019
14021
14024
14026
14030
14039
14046
14050
14059
14065
14066
14071
14076
14076
14079
14087
14089
14093
14098
14100
14108
14115
14118
14127
14128
14137
14138
14144
14144
14144
14145
14148
14148
14151
14151
14154
14158
14162
14167
14167
14169
14173
14181
14181
14189
14196
14205
14212
14212
14216
14220
14226
14233
14239
14244
14253
14261
14266
14266
14266
14267
14274
14277
14284
14290
14295
14296
14304
14311
14311
14314
14321
14330
14332
14333
14340
14346
14353
14358
14360
14367
14369
14374
14382
14386
14390
14395
14403
14410
14412
14418
14422
14428
14432
14436
14438
14444
14450
14452
14453
14462
14465
14469
14475
14476
14482
14487
14487
14489
14491
14492
14496
14500
14506
14510
14511
14515
14519
14519
14522
14523
14526
14527
14528
14535
14537
14546
14553
14562
14571
14572
14573
14577
14586
14588
14596
14601
14608
14609
14616
14617
14626
14626
14626
14630
14639
14648
14651
14657
14663
14669
14678
14682
14683
14684
14690
14694
14703
14711
14714
14719
14725
14731
14740
14744
14745
14753
14762
14771
14773
14775
14778
14782
14790
14799
14799
14804
14808
14808
14816
14824
14828
14830
14832
14835
14844
14851
14852
14857
14866
14874
14880
14882
14890
14897
14906
14912
14919
14928
14929
14937
14937
14937
14937
14943
14947
14951
14959
14965
14973
14980
14983
14989
14989
14993
14995
15003
15007
15008
15016
15019
15028
15034
15043
15050
15053
15054
15055
15063
15065
15068
15075
15078
15087
15087
15087
15096
15097
15097
15101
15103
15103
15105
15108
15114
15115
15115
15121
15127
15128
15132
15136
15141
15146
15153
15159
15168
15172
15174
15176
15180
15180
15189
15193
15199
15201
15201
15207
15216
15225
15230
15239
15240
15240
15248
15248
15256
15259
15267
15272
15272
15277
15279
15286
15286
15286
15290
15291
15292
15297
15303
15305
15310
15318
15318
15322
15328
15330
15332
15333
15335
15341
15341
15350
15356
15356
15365
15365
15368
15377
15383
15385
15391
15396
15399
15406
15408
15408
15410
15415
15417
15424
15425
15432
15437
15445
15448
15457
15465
15471
15475
15476
15478
15486
15493
15497
15505
15506
15515
15517
15526
15530
15533
15538
15543
15549
15551
15551
15557
15566
15566
15573
15581
15590
15597
15603
15607
15609
15616
15620
15625
15628
15633
15641
15648
15649
15649
15655
15659
15666
15669
15675
15684
15688
15695
15701
15701
15707
15710
15716
15721
15724
15726
15730
15732
15736
15736
15736
15739
15743
15748
15750
15759
15767
15768
15771
15772
15779
15783
15789
15797
15801
15802
15808
15811
15814
15819
15819
15823
15831
15835
15835
15838
15842
15851
15851
15858
15861
15867
15876
15884
15886
15894
15903
15907
15913
15919
15927
15932
15938
15945
15953
15955
15962
15964
15969
15972
15975
15983
15991
15994
16000
16007
16016
16022
16024
16032
16033
16042
16045
16045
16048
16049
16057
16061
16061
16065
16069
16071
16071
16078
16080
16080
16089
16095
16095
16102
16108
16114
16118
16123
16130
16134
16135
16143
16145
16145
16151
16160
16160
16164
16165
16171
16178
16183
16189
16191
16191
16195
16204
16207
16216
16225
16226
16229
16230
16239
16247
16249
16256
16258
16262
16264
16269
16275
16276
16277
16279
16280
16284
16291
16297
16302
16306
16310
16317
16325
16327
16336
16337
16345
16351
16351
16354
16356
16356
16358
16359
16364
16373
16382
16388
16391
16396
16404
16412
16419
16428
16430
16437
16445
16452
16459
16463
16463
16470
16473
16474
16482
16490
16492
16496
16496
16496
16505
16512
16513
16518
16520
16522
16522
16529
16532
16538
16539
16544
16553
16560
16562
16571
16573
16582
16589
16596
16596
16604
16613
16614
16614
16620
16628
16632
16639
16640
16647
16647
16656
16661
16662
16667
16674
16678
16687
16688
16688
16689
16691
16691
16696
16699
16699
16700
16701
16702
16707
16709
16714
16718
16718
16725
16732
16739
16747
16751
16752
16756
16756
16761
16768
16768
16774
16778
16784
16790
16793
16800
16809
16809
16812
16813
16817
16817
16824
16830
16837
16844
16846
16849
16856
16857
16860
16865
16872
16878
16884
16892
16898
16905
16907
16908
16912
16917
16920
16921
16924
16932
16939
16942
16949
16950
16951
16954
16955
16961
16965
16970
16979
16988
16992
17000
17001
17005
17005
17011
17017
17018
17021
17021
17027
17029
17037
17044
17049
17049
17058
17064
17067
17073
17074
17080
17081
17087
17089
17095
17097
17103
17109
17116
17116
17124
17130
17134
17135
17140
17149
17151
17154
17161
17162
17169
17176
17183
17187
17190
17192
17195
17197
17201
17210
17217
17225
17226
17230
17236
17244
17245
17250
17257
17266
17271
17271
17276
17280
17280
17280
17286
17294
17294
17302
17310
17312
17317
17321
17326
17333
17335
17343
17345
17354
17362
17363
17371
17378
17381
17385
17389
17390
17394
17397
17406
17406
17406
17414
17420
17424
17426
17429
17429
17432
17438
17446
17447
17451
17460
17461
17466
17468
17472
17473
17479
17484
17484
17490
17496
17502
17511
17519
17527
17530
17536
17541
17542
17544
17547
17553
17560
17568
17572
17575
17581
17585
17592
17592
17596
17605
17609
17610
17610
17615
17621
17626
17632
17633
17639
17642
17647
17649
17652
17660
17666
17669
17674
17677
17685
17685
17691
17699
17705
17708
17710
17711
17717
17726
17727
17729
17730
17734
17736
17744
17748
17752
17755
17760
17760
17761
17767
17770
17779
17783
17787
17793
17802
17809
17809
17816
17824
17824
17825
17826
17830
17837
17843
17852
17859
17866
17866
17870
17877
17883
17889
17895
17904
17910
17918
17926
17934
17941
17943
17946
17950
17957
17957
17957
17958
17959
17962
17971
17978
17985
17988
17993
17999
18003
18007
18007
18009
18013
18018
18023
18030
18037
18040
18044
18047
18054
18057
18063
18072
18078
18082
18082
18088
18093
18093
18097
18106
18112
18120
18128
18128
18132
18138
18147
18155
18158
18160
18169
18176
18178
18185
18188
18197
18204
18207
18213
18214
18221
18223
18227
18230
18236
18244
18245
18252
18257
18258
18263
18268
18270
18279
18280
18286
18293
18302
18302
18302
18302
18308
18313
18321
18329
18336
18345
18348
18350
18350
18359
18367
18373
18375
18377
18379
18386
18394
18398
18406
18413
18416
18419
18428
18434
18438
18444
18447
18452
18460
18467
18470
18477
18477
18478
18478
18479
18487
18496
18496
18496
18496
18499
18502
18510
18510
18512
18513
18520
18522
18530
18533
18535
18544
18544
18548
18548
18549
18556
18556
18559
18567
18576
18584
18586
18591
18592
18600
18603
18604
18613
18619
18627
18632
18637
18637
18642
18650
18655
18658
18658
18663
18669
18676
18685
18694
18698
18699
18707
18711
18720
18728
18729
18734
18738
18743
18743
18743
18747
18751
18754
18761
18768
18777
18778
18787
18795
18804
18807
18811
18812
18818
18820
18826
18834
18843
18847
18848
18848
18848
18857
18866
18870
18871
18875
18877
18878
18882
18886
18887
18888
18891
18897
18899
18901
18901
18903
18905
18913
18921
18921
18930
18938
18946
18947
18956
18961
18962
18969
18975
18975
18976
18981
18989
18996
18999
19000
19004
19012
19021
19026
19033
19036
19040
19043
19049
19058
19058
19067
19072
19074
19079
19087
19089
19089
19089
19095
19100
19109
19109
19113
19118
19123
19130
19134
19137
19140
19141
19143
19151
19152
19153
19156
19160
19169
19172
19177
19179
19187
19190
19190
19199
19202
19208
19211
19213
19222
19226
19228
19236
19238
19240
19241
19250
19254
19258
19260
19265
19269
19269
19271
19277
19283
19288
19290
19294
19301
19309
19313
19319
19322
19327
19330
19332
19338
19338
19347
19348
19351
19356
19358
19364
19366
19373
19381
19386
19392
19400
19401
19407
19410
19416
19424
19430
19430
19435
19443
19443
19449
19453
19453
19456
19460
19465
19468
19469
19475
19484
19486
19490
19490
19494
19503
19504
19509
19518
19519
19527
19535
19539
19543
19550
19553
19556
19562
19566
19571
19580
19584
19588
19589
19595
19601
19608
19615
19623
19626
19634
19642
19644
19648
19649
19650
19652
19655
19657
19665
19673
19675
19680
19688
19695
19695
19699
19702
19710
19713
19721
19721
19721
19722
19723
19732
19734
19735
19736
19737
19746
19754
19762
19768
19776
19777
19784
19790
19794
19794
19799
19804
19810
19815
19818
19821
19822
19828
19836
19838
19842
19846
19851
19855
19859
19859
19866
19873
19882
19888
19895
19897
19906
19914
19919
19922
19925
19925
19925
19934
19935
19935
19944
19953
19961
19965
19966
19975
19977
19977
19984
19993
20001
20006
20006
20012
20019
20026
20032
20032
20041
20049
20055
20063
20070
20073
20079
20079
20083
20084
20089
20090
20099
20100
20106
20113
20116
20123
20125
20133
20142
20142
20151
20152
20158
20163
20171
20180
20186
20186
20192
20193
20196
20197
20200
20201
20206
20211
20218
20218
20224
20228
20235
20237
20237
20242
20242
20248
20257
20265
20272
20274
20274
20280
20288
20294
20302
20309
20313
20314
20314
20317
20322
20326
20332
20338
20343
20346
20353
20362
20366
20366
20371
20375
20384
20387
20395
20401
20408
20417
20417
20417
20421
20423
20432
20439
20440
20445
20446
20450
20459
20466
20467
20473
20480
20488
20488
20494
20503
20512
20513
20516
20523
20531
20538
20544
20552
20559
20561
20566
20570
20570
20574
20583
20589
20591
20598
20600
20607
20612
20614
20621
20622
20623
20626
20626
20630
20630
20630
20635
20643
20646
20655
20656
20656
20663
20666
20675
20678
20686
20689
20691
20694
20698
20703
20712
20719
20727
20732
20734
20740
20742
20748
20756
20761
20768
20777
20783
20786
20786
20786
20787
20796
20799
20806
20814
20819
20827
20829
20838
20841
20841
20843
20850
20853
20861
20864
20873
20875
20877
20880
20881
20887
20888
20891
20892
20896
20904
20907
20913
20921
20926
20934
20935
20942
20951
20952
20956
20958
20964
20970
20973
20976
20980
20982
20983
20985
20994
20999
20999
21004
21012
21021
21026
21027
21033
21040
21043
21046
21052
21052
21060
21068
21076
21081
21084
21085
21088
21088
21093
21098
21102
21103
21103
21111
21119
21121
21128
21128
21128
21130
21137
21144
21149
21155
21161
21166
21173
21178
21181
21183
21189
21196
21198
21201
21201
21209
21216
21224
21226
21234
21243
21251
21256
21256
21264
21268
21276
21285
21289
21290
21297
21303
21307
21316
21320
21324
21325
21332
21335
21341
21345
21353
21356
21360
21364
21367
21373
21380
21385
21394
21396
21399
21408
21413
21416
21420
21426
21435
21441
21445
21447
21451
21454
21461
21470
21478
21487
21487
21489
21491
21492
21494
21499
21502
21507
21516
21517
21518
21525
21526
21535
21539
21546
21548
21549
21549
21558
21561
21564
21566
21566
21568
21570
21571
21577
21582
21584
21593
21598
21605
21610
21612
21619
21622
21622
21628
21630
21630
21637
21640
21648
21657
21660
21666
21671
21671
21672
21676
21684
21692
21694
21697
21703
21711
21714
21717
21721
21729
21729
21736
21744
21750
21753
21755
21755
21759
21762
21768
21777
21783
21789
21797
21798
21807
21808
21811
21817
21818
21824
21833
21834
21834
21843
21847
21849
21857
21864
21869
21870
21874
21881
21888
21897
21903
21911
21917
21926
21930
21935
21941
21947
21950
21957
21960
21967
21971
21980
21984
21988
21989
21993
22001
22010
22011
22013
22020
22025
22030
22037
22042
22043
22043
22051
22053
22061
22069
22071
22078
22085
22092
22095
22098
22105
22110
22112
22116
22117
22123
22130
22133
22141
22141
22141
22150
22156
22163
22167
22174
22181
22188
22192
22199
22202
22204
22205
22212
22216
22223
22226
22233
22234
22238
22242
22245
22251
22251
22259
22262
22266
22273
22278
22285
22289
22296
22298
22303
22306
22307
22309
22315
22317
22325
22328
22333
22334
22335
22338
22345
22345
22347
22347
22356
22362
22362
22369
22371
22380
22384
22385
22385
22386
22387
22396
22397
22397
22398
22400
22400
22409
22411
22418
22420
22423
22432
22438
22443
22445
22447
22450
22453
22456
22458
22458
22465
22471
22476
22484
22493
22493
22498
22505
22506
22512
22512
22519
22519
22519
22523
22527
22531
22534
22540
22542
22546
22547
22551
22554
22557
22564
22567
22570
22573
22579
22588
22595
22600
22602
22609
22617
22619
22627
22627
22627
22627
22627
22627
22635
22639
22643
22649
22655
22662
22670
22672
22679
22682
22686
22694
22697
22706
22706
22713
22713
22713
22714
22716
22723
22732
22738
22741
22743
22752
22759
22764
22766
22775
22777
22779
22780
22789
22790
22796
22801
22801
22801
22802
22807
22811
22812
22816
22816
22817
22817
22826
22829
22835
22844
22853
22855
22862
22862
22862
22866
22875
22880
22888
22896
22896
22897
22900
22902
22906
22913
22922
22924
22928
22934
22937
22938
22946
22954
22958
22966
22967
22969
22976
22985
22991
22999
23003
23003
23006
23010
23010
23019
23027
23033
23035
23042
23049
23051
23060
23060
23060
23066
23068
23077
23084
23093
23097
23106
23110
23114
23122
23123
23123
23128
23131
23133
23133
23133
23133
23142
23143
23147
23155
23157
23164
23170
23171
23172
23181
23188
23188
23195
23196
23196
23196
23202
23205
23207
23210
23214
23223
23232
23236
23239
23242
23244
23246
23251
23252
23253
23259
23263
23272
23276
23279
23282
23291
23297
23302
23303
23304
23305
23305
23307
23316
23317
23325
23334
23343
23345
23352
23361
23365
23371
23374
23383
23385
23391
23400
23401
23404
23411
23415
23417
23424
23425
23434
23441
23446
23454
23454
23458
23463
23470
23473
23481
23488
23497
23501
23503
23503
23510
23518
23526
23526
23528
23528
23532
23534
23538
23540
23546
23554
23561
23561
23564
23571
23571
23571
23574
23583
23583
23585
23590
23592
23600
23603
23609
23613
23616
23621
23621
23627
23627
23632
23632
23635
23636
23641
23649
23651
23655
23662
23665
23670
23673
23682
23689
23694
23695
23700
23709
23712
23712
23717
23725
23729
23732
23733
23738
23741
23750
23757
23762
23766
23775
23776
23778
23780
23789
23789
23792
23798
23799
23800
23801
23801
23810
23817
23825
23832
23836
23841
23849
23851
23859
23859
23862
23871
23877
23881
23888
23892
23899
23907
23909
23910
23914
23916
23916
23921
23924
23925
23934
23941
23945
23954
23956
23965
23972
23977
23981
23989
23997
23997
24002
24009
24015
24022
24024
24024
24024
24032
24038
24038
24042
24046
24051
24056
24061
24065
24066
24075
24077
24086
24088
24097
24105
24106
24107
24112
24121
24122
24128
24132
24139
24147
24155
24158
24165
24173
24179
24184
24186
24195
24200
24207
24210
24212
24212
24221
24223
24227
24229
24235
24235
24240
24249
24249
24252
24256
24263
24268
24270
24271
24276
24282
24290
24296
24298
24303
24308
24313
24319
24328
24335
24339
24344
24350
24354
24363
24363
24366
24368
24375
24377
24380
24380
24389
24390
24392
24392
24395
24397
24402
24410
24412
24419
24425
24433
24436
24438
24447
24451
24460
24463
24469
24469
24477
24480
24485
24485
24488
24490
24490
24493
24500
24509
24513
24513
24518
24526
24535
24538
24540
24541
24549
24550
24552
24554
24555
24562
24568
24575
24584
24592
24595
24602
24608
24608
24608
24610
24619
24622
24631
24632
24634
24636
24642
24643
24648
24655
24655
24663
24668
24674
24679
24688
24696
24699
24705
24713
24716
24722
24725
24734
24734
24741
24748
24751
24756
24760
24768
24768
24773
24776
24779
24781
24781
24783
24788
24794
24801
24810
24813
24820
24826
24829
24830
24836
24836
24842
24846
24849
24857
24864
24864
24864
24873
24877
24881
24885
24890
24892
24896
24900
24906
24913
24920
24922
24930
24935
24942
24945
24953
24962
24966
24969
24969
24972
24977
24984
24989
24991
24997
25005
25005
25011
25017
25021
25028
25035
25037
25043
25043
25052
25059
25059
25062
25065
25067
25069
25075
25079
25080
25084
25090
25092
25093
25094
25099
25107
25107
25116
25116
25118
25120
25125
25130
25138
25142
25144
25150
25158
25159
25162
25166
25168
25176
25177
25184
25188
25188
25191
25191
25196
25201
25206
25206
25208
25216
25217
25226
25231
25239
25242
25247
25251
25259
25263
25270
25278
25287
25293
25296
25299
25303
25306
25306
25307
25310
25312
25315
25322
25322
25330
25334
25342
25347
25354
25359
25360
25368
25371
25371
25379
25386
25393
25402
25404
25405
25407
25413
25419
25422
25426
25428
25428
25431
25439
25447
25448
25450
25459
25463
25468
25468
25475
25479
25487
25487
25488
25497
25501
25507
25507
25509
25517
25517
25524
25525
25530
25534
25543
25549
25550
25554
25559
25559
25565
25566
25573
25578
25583
25589
25591
25596
25603
25607
25615
25623
25625
25628
25632
25632
25633
25633
25635
25643
25649
25654
25655
25655
25661
25667
25672
25681
25685
25686
25694
25695
25698
25699
25699
25706
25708
25710
25711
25712
25717
25721
25726
25730
25732
25740
25749
25758
25762
25762
25769
25771
25779
25780
25786
25794
25799
25807
25814
25815
25823
25826
25828
25832
25836
25842
25850
25858
25861
25866
25872
25877
25877
25877
25883
25891
25894
25895
25903
25903
25906
25909
25915
25918
25919
25920
25920
25925
25934
25940
25949
25955
25955
25961
25961
25969
25975
25978
25981
25986
25991
25992
25996
25999
26007
26016
26025
26032
26038
26038
26047
26050
26058
26059
26066
26069
26077
26082
26083
26085
26087
26091
26098
26107
26108
26110
26110
26118
26126
26135
26140
26142
26145
26147
26151
26159
26166
26174
26178
26183
26189
26198
26201
26208
26209
26211
26219
26228
26234
26234
26236
26239
26243
26248
26256
26265
26270
26276
26276
26277
26284
26292
26297
26297
26306
26307
26308
26316
26319
26325
26329
26334
26338
26344
26345
26345
26347
26351
26355
26364
26366
26367
26367
26373
26381
26384
26384
26392
26401
26410
26413
26419
26428
26436
26439
26441
26445
26454
26454
26458
26465
26468
26471
26474
26477
26483
26489
26494
26496
26499
26502
26503
26505
26513
26519
26520
26522
26530
26535
26538
26544
26549
26552
26558
26567
26576
26581
26589
26598
26607
26608
26616
26619
26619
26628
26636
26639
26643
26648
26648
26655
26658
26665
26674
26681
26684
26687
26689
26694
26701
26709
26717
26724
26725
26729
26733
26740
26749
26756
26756
26761
26770
26770
26771
26771
26771
26778
26784
26789
26790
26796
26799
26804
26813
26820
26824
26830
26839
26848
26848
26852
26854
26857
26862
26867
26871
26877
26878
26878
26880
26883
26887
26896
26899
26902
26906
26911
26919
26922
26922
26924
26925
26925
26932
26933
26936
26943
26950
26956
26957
26966
26969
26976
26985
26987
26991
26999
27001
27009
27014
27016
27016
27018
27018
27025
27026
27030
27036
27041
27048
27049
27058
27061
27069
27075
27081
27081
27088
27095
27102
27102
27111
27118
27125
27127
27135
27137
27139
27140
27145
27148
27157
27163
27171
27172
27178
27184
27188
27191
27198
27203
27205
27207
27212
27217
27223
27227
27229
27233
27234
27239
27246
27249
27253
27261
27262
27264
27269
27278
27287
27294
27298
27306
27307
27310
27312
27318
27326
27331
27334
27334
27335
27344
27352
27356
27356
27360
27366
27375
27383
27387
27387
27387
27392
27398
27402
27405
27414
27417
27423
27428
27428
27435
27437
27438
27438
27441
27447
27454
27456
27461
27462
27466
27473
27479
27479
27484
27488
27495
27502
27508
27511
27513
27522
27525
27534
27537
27540
27540
27548
27551
27554
27558
27567
27573
27582
27583
27587
27587
27590
27598
27604
27605
27614
27617
27625
27627
27628
27628
27631
27639
27645
27650
27652
27657
27657
27666
27673
27678
27687
27696
27696
27704
27709
27718
27718
27722
27724
27731
27733
27739
27746
27753
27756
27759
27762
27767
27769
27772
27775
27780
27783
27784
27793
27794
27796
27799
27799
27799
27801
27804
27804
27804
27812
27816
27819
27823
27824
27826
27828
27835
27839
27844
27844
27847
27847
27847
27856
27863
27866
27871
27880
27880
27884
27886
27890
27899
27900
27909
27916
27919
27920
27921
27921
27924
27926
27927
27935
27940
27941
27947
27956
27958
27960
27968
27969
27974
27975
27980
27987
27989
27989
27994
28003
28009
28013
28022
28027
28034
28040
28042
28047
28048
28056
28062
28063
28070
28073
28079
28086
28089
28095
28097
28102
28107
28116
28125
28130
28130
28139
28142
28146
28151
28153
28160
28169
28174
28183
28190
28194
28202
28205
28213
28214
28218
28222
28230
28239
28242
28244
28245
28254
28258
28261
28267
28268
28268
28269
28277
28282
28284
28286
28287
28290
28292
28294
28297
28299
28300
28306
28310
28313
28316
28319
28324
28333
28333
28338
28341
28345
28347
28347
28347
28351
28357
28363
28371
28379
28383
28389
28397
28397
28398
28401
28410
28415
28417
28417
28426
28433
28437
28443
28446
28447
28449
28454
28456
28462
28469
28478
28483
28484
28490
28498
28507
28514
28518
28519
28526
28534
28538
28547
28556
28556
28557
28565
28567
28571
28579
28586
28589
28597
28600
28609
28610
28615
28621
28629
28637
28641
28646
28647
28653
28659
28663
28672
28680
28680
28682
28683
28686
28687
28687
28694
28700
28705
28712
28714
28723
28731
28739
28748
28754
28763
28769
28775
28779
28780
28782
28790
28793
28798
28799
28804
28809
28809
28818
28822
28822
28831
28833
28833
28836
28840
28843
28848
28854
28863
28867
28868
28869
28874
28875
28882
28882
28887
28894
28903
28912
28921
28927
28927
28929
28933
28941
28943
28947
28953
28955
28957
28958
28967
28976
28977
28983
28985
28993
28995
29000
29004
29007
29014
29023
29026
29030
29037
29040
29040
29049
29049
29058
29062
29071
29074
29080
29088
29090
29092
29096
29104
29111
29115
29124
29128
29137
29140
29146
29146
29150
29152
29155
29162
29162
29164
29172
29176
29184
29184
29189
29189
29195
29197
29200
29209
29213
29217
29222
29223
29231
29240
29240
29248
29252
29254
29260
29265
29269
29275
29277
29279
29280
29282
29291
29297
29300
29306
29313
29316
29317
29318
29322
29328
29337
29340
29340
29341
29347
29351
29351
29358
29367
29372
29377
29382
29389
29389
29391
29400
29406
29407
29410
29414
29420
29420
29424
29425
29425
29434
29438
29438
29447
29454
29462
29463
29465
29473
29482
29488
29497
29499
29508
29513
29513
29513
29513
29519
29519
29522
29529
29531
29531
29540
29546
29549
29555
29564
29568
29569
29578
29587
29595
29599
29606
29609
29616
29621
29630
29631
29636
29638
29643
29643
29648
29655
29662
29662
29663
29672
29674
29679
29679
29687
29696
29702
29710
29714
29723
29724
29732
29733
29736
29738
29744
29748
29753
29755
29763
29767
29769
29775
29775
29783
29785
29791
29799
29805
29811
29819
29824
29825
29831
29837
29842
29847
29849
29849
29853
29857
29857
29858
29859
29868
29869
29875
29877
29885
29890
29893
29898
29902
29903
29908
29913
29920
29921
29927
29935
29943
29946
29954
29957
29960
29962
29970
29970
29972
29981
29988
29997
30004
30005
30010
30013
30014
30015
30017
30020
30025
30028
30033
30033
30039
30040
30042
30043
30044
30046
30048
30050
30057
30060
30061
30069
30070
30075
30083
30084
30087
30096
30097
30100
30107
30112
30118
30121
30129
30130
30136
30145
30148
30156
30157
30165
30168
30174
30177
30177
30179
30186
30193
30193
30195
30197
30206
30213
30214
30223
30229
30229
30233
30238
30240
30249
30254
30256
30264
30266
30268
30269
30278
30278
30283
30292
30298
30306
30311
30314
30323
30332
30337
30340
30348
30356
30358
30364
30368
30375
30375
30380
30380
30388
30395
30396
30396
30396
30404
30408
30408
30410
30415
30420
30429
30431
30439
30446
30449
30457
30463
30469
30469
30469
30478
30487
30495
30495
30498
30506
30513
30513
30520
30524
30525
30528
30536
30543
30543
30546
30552
30557
30558
30561
30561
30569
30576
30577
30579
30587
30587
30588
30593
30600
30603
30606
30610
30614
30623
30629
30638
30646
30650
30653
30653
30662
30666
30669
30678
30685
30686
30687
30692
30698
30702
30709
30709
30713
30716
30718
30725
30728
30728
30731
30734
30737
30745
30748
30753
30754
30756
30760
30761
30761
30767
30774
30778
30783
30791
30793
30800
30803
30810
30810
30814
30822
30826
30834
30841
30842
30850
30859
30859
30864
30873
30876
30884
30890
30895
30902
30907
30909
30910
30919
30926
30931
30937
30939
30947
30947
30949
30957
30965
30965
30966
30975
30983
30989
30993
31000
31003
31005
31008
31013
31015
31017
31025
31034
31034
31034
31041
31046
31052
31052
31055
31056
31059
31060
31068
31076
31076
31082
31091
31095
31103
31110
31113
31120
31121
31129
31130
31130
31137
31138
31142
31147
31154
31155
31160
31160
31166
31175
31183
31190
31192
31200
31208
31215
31223
31229
31230
31236
31240
31246
31252
31260
31262
31264
31273
31274
31274
31280
31286
31293
31300
31309
31318
31318
31326
31333
31336
31341
31343
31345
31346
31351
31359
31361
31366
31372
31379
31386
31388
31394
31403
31406
31408
31412
31418
31422
31422
31424
31426
31435
31435
31435
31437
31437
31445
31454
31459
31468
31469
31469
31475
31484
31493
31493
31502
31510
31515
31520
31522
31522
31531
31538
31544
31552
31554
31554
31562
31570
31574
31580
31583
31592
31593
31596
31601
31601
31606
31610
31619
31624
31624
31629
31638
31640
31642
31645
31646
31655
31658
31658
31665
31666
31670
31670
31677
31685
31687
31693
31693
31696
31704
31708
31709
31709
31718
31721
31724
31731
31739
31745
31752
31753
31754
31757
31760
31762
31771
31773
31774
31779
31788
31790
31793
31795
31797
31800
31802
31805
31814
31819
31827
31828
31828
31837
31840
31842
31849
31857
31858
31859
31864
31868
31877
31886
31893
31893
31902
31911
31920
31921
31929
31929
31938
31943
31945
31953
31955
31958
31958
31958
31959
31966
31972
31980
31982
31988
31990
31996
31997
31997
32003
32010
32018
32023
32030
32034
32041
32042
32044
32053
32059
32066
32074
32082
32090
32095
32097
32103
32109
32112
32120
32128
32129
32129
32136
32140
32142
32150
32156
32163
32171
32172
32179
32186
32193
32201
32209
32215
32217
32225
32229
32234
32234
32242
32243
32244
32249
32255
32264
32269
32275
32275
32280
32281
32282
32284
32287
32289
32291
32294
32296
32304
32311
32316
32319
32319
32320
32323
32324
32325
32332
32337
32344
32345
32346
32352
32352
32353
32353
32360
32363
32372
32376
32377
32386
32390
32390
32391
32399
32406
32412
32414
32423
32432
32440
32447
32452
32452
32457
32462
32470
32478
32487
32487
32496
32499
32500
32505
32509
32515
32524
32530
32537
32538
32543
32552
32558
32560
32569
32574
32582
32588
32596
32598
32603
32612
32620
32629
32630
32631
32638
32643
32643
32645
32646
32652
32655
32657
32666
32672
32681
32681
32682
32690
32698
32706
32711
32720
32729
32732
32741
32741
32749
32754
32756
32760
32768
32777
32782
32783
32787
32789
32789
32797
32805
32805
32805
32807
32815
32819
32827
32828
32830
32839
32844
32851
32856
32858
32867
32876
32879
32880
32886
32887
32892
32901
32908
32917
32918
32919
32919
32922
32926
32931
32939
32948
32950
32956
32961
32961
32965
32974
32978
32983
32983
32986
32994
32995
33002
33003
33004
33012
33015
33020
33028
33034
33039
33044
33045
33045
33054
33058
33066
33071
33076
33082
33082
33086
33092
33098
33104
33104
33105
33114
33114
33121
33126
33128
33128
33137
33145
33148
33150
33151
33160
33165
33173
33182
33185
33188
33197
33204
33210
33211
33219
33220
33220
33225
33231
33233
33240
33246
33250
33250
33252
33257
33260
33266
33271
33275
33281
33290
33294
33302
33304
33305
33306
33308
33309
33318
33323
33331
33340
33347
33353
33356
33359
33365
33373
33380
33385
33394
33402
33405
33414
33416
33421
33422
33425
33433
33436
33443
33451
33457
33461
33462
33465
33466
33466
33470
33470
33472
33481
33490
33490
33497
33497
33499
33505
33509
33510
33514
33521
33526
33529
33534
33538
33545
33551
33558
33559
33561
33567
33570
33575
33583
33589
33590
33591
33596
33598
33607
33611
33615
33615
33618
33626
33626
33635
33637
33643
33646
33655
33657
33657
33665
33665
33666
33675
33680
33684
33690
33699
33703
33707
33708
33713
33722
33730
33734
33742
33744
33748
33748
33755
33756
33761
33761
33763
33770
33776
33777
33782
33791
33796
33802
33802
33806
33810
33811
33812
33818
33826
33828
33829
33833
33834
33837
33844
33845
33852
33861
33863
33866
33873
33877
33884
33893
33901
33905
33912
33918
33927
33931
33934
33934
33937
33937
33944
33944
33944
33944
33953
33957
33961
33966
33973
33979
33985
33994
34002
34009
34012
34019
34028
34035
34038
34041
34046
34052
34057
34059
34062
34068
34070
34073
34076
34077
34086
34091
34100
34108
34117
34120
34128
34129
34131
34135
34143
34145
34145
34149
34158
34164
34172
34179
34180
34185
34190
34196
34198
34204
34207
34215
34216
34222
34222
34228
34237
34245
34245
34252
34254
34257
34260
34260
34265
34267
34268
34277
34279
34284
34284
34285
34294
34296
34298
34305
34311
34318
34323
34327
34334
34338
34338
34342
34344
34351
34353
34357
34366
34369
34370
34371
34377
34381
34389
34397
34398
34405
34407
34413
34417
34418
34426
34435
34436
34443
34446
34455
34457
34463
34469
34474
34480
34488
34490
34493
34497
34499
34506
34512
34512
34514
34522
34530
34531
34536
34545
34551
34556
34560
34563
34563
34569
34576
34582
34582
34584
34585
34592
34595
34602
34611
34611
34615
34623
34631
34635
34636
34643
34649
34650
34653
34653
34654
34659
34660
34668
34673
34674
34683
34683
34686
34694
34701
34702
34708
34717
34720
34729
34733
34734
34740
34741
34748
34756
34758
34758
34762
34767
34769
34771
34776
34778
34779
34787
34796
34799
34799
34806
34806
34807
34808
34817
34823
34825
34830
34837
34846
34846
34851
34852
34861
34866
34868
34871
34880
34889
34891
34900
34904
34909
34917
34925
34925
34930
34931
34940
34946
34954
34957
34964
34972
34981
34990
34999
35001
35010
35014
35023
35028
35029
35033
35037
35043
35052
35061
35064
35071
35074
35077
35086
35087
35091
35092
35095
35095
35098
35104
35110
35116
35124
35133
35133
35136
35139
35145
35154
35155
35164
35167
35172
35172
35176
35181
35189
35192
35195
35201
35203
35205
35210
35213
35221
35224
35230
35238
35241
35244
35246
35252
35256
35265
35269
35269
35278
35281
35283
35285
35288
35293
35300
35307
35308
35309
35312
35319
35327
35327
35333
35336
35342
35349
35350
35354
35357
35357
35359
35367
35371
35375
35383
35385
35387
35396
35403
35409
35413
35420
35429
35435
35437
35443
35448
35455
35456
35461
35469
35475
35481
35482
35491
35495
35499
35508
35509
35516
35525
35525
35532
35535
35540
35543
35545
35550
35551
35554
35557
35563
35571
35574
35580
35585
35587
35589
35596
35605
35612
35617
35622
35631
35635
35640
35644
35650
35658
35659
35659
35668
35673
35676
35679
35680
35682
35683
35690
35698
35704
35707
35711
35711
35715
35715
35718
35723
35723
35732
35733
35736
35736
35738
35741
35748
35751
35753
35755
35758
35761
35762
35771
35780
35786
35794
35794
35798
35800
35800
35803
35810
35814
35819
35820
35826
35828
35835
35840
35849
35851
35857
35862
35863
35869
35871
35872
35874
35883
35883
