4609146
4609137
4609135
4609126
4609123
4609114
4609113
4609104
4609100
4609095
4609090
4609090
4609089
4609085
4609077
4609069
4609064
4609055
4609046
4609046
4609038
4609031
4609029
4609024
4609017
4609015
4609011
4609010
4609008
4609005
4609000
4608992
4608985
4608979
4608976
4608969
4608960
4608954
4608953
4608952
4608951
4608951
4608950
4608949
4608946
4608938
4608930
4608923
4608919
4608912
4608906
4608902
4608895
4608886
4608879
4608877
4608872
4608868
4608864
4608860
4608854
4608852
4608845
4608837
4608830
4608821
4608813
4608813
4608811
4608806
4608801
4608796
4608795
4608787
4608787
4608787
4608780
4608774
4608769
4608765
4608759
4608758
4608757
4608751
4608751
4608743
4608740
4608739
4608732
4608727
4608719
4608712
4608703
4608696
4608688
4608682
4608681
4608681
4608673
4608672
4608672
4608665
4608661
4608657
4608654
4608649
4608641
4608638
4608629
4608628
4608620
4608612
4608610
4608605
4608599
4608599
4608596
4608590
4608583
4608578
4608574
4608573
4608564
4608556
4608551
4608546
4608543
4608537
4608531
4608522
4608519
4608518
4608514
4608510
4608502
4608500
4608497
4608495
4608486
4608484
4608482
4608477
4608471
4608462
4608453
4608453
4608446
4608440
4608437
4608429
4608425
4608423
4608420
4608415
4608412
4608408
4608399
4608398
4608391
4608389
4608383
4608374
4608367
4608366
4608363
4608360
4608352
4608351
4608343
4608338
4608337
4608332
4608332
4608323
4608316
4608310
4608304
4608299
4608290
4608287
4608283
4608278
4608274
4608271
4608264
4608258
4608255
4608251
4608242
4608242
4608235
4608226
4608218
4608215
4608206
4608198
4608191
4608183
4608176
4608172
4608172
4608169
4608165
4608159
4608154
4608151
4608151
4608145
4608145
4608143
4608141
4608133
4608128
4608120
4608116
4608115
4608109
4608105
4608098
4608094
4608088
4608081
4608079
4608073
4608071
4608068
4608061
4608053
4608046
4608040
4608039
4608033
4608030
4608024
4608023
4608020
4608015
4608015
4608009
4608000
4607999
4607993
4607985
4607976
4607967
4607967
4607958
4607956
4607953
4607953
4607948
4607948
4607947
4607941
4607933
4607928
4607928
4607920
4607915
4607912
4607909
4607906
4607899
4607898
4607893
4607888
4607880
4607876
4607868
4607866
4607865
4607861
4607857
4607852
4607844
4607838
4607838
4607837
4607832
4607826
4607825
4607818
4607811
4607802
4607802
4607801
4607798
4607789
4607782
4607782
4607776
4607768
4607759
4607759
4607750
4607748
4607741
4607733
4607730
4607724
4607722
4607722
4607714
4607707
4607707
4607701
4607693
4607685
4607677
4607668
4607663
4607663
4607658
4607653
4607652
4607651
4607651
4607642
4607634
4607629
4607620
4607614
4607612
4607609
4607605
4607597
4607593
4607591
4607584
4607579
4607578
4607576
4607570
4607568
4607564
4607558
4607557
4607554
4607546
4607543
4607539
4607538
4607532
4607525
4607521
4607521
4607513
4607511
4607507
4607503
4607494
4607493
4607487
4607481
4607480
4607480
4607472
4607466
4607459
4607456
4607456
4607448
4607444
4607443
4607439
4607436
4607427
4607425
4607420
4607413
4607407
4607402
4607396
4607391
4607385
4607380
4607372
4607370
4607364
4607363
4607361
4607361
4607355
4607352
4607349
4607344
4607342
4607334
4607328
4607321
4607314
4607309
4607300
4607297
4607293
4607289
4607289
4607281
4607279
4607277
4607276
4607270
4607262
4607260
4607252
4607249
4607243
4607243
4607237
4607230
4607224
4607215
4607209
4607205
4607202
4607194
4607185
4607180
4607171
4607168
4607165
4607163
4607160
4607153
4607150
4607142
4607138
4607136
4607136
4607130
4607124
4607118
4607111
4607107
4607098
4607090
4607082
4607076
4607069
4607064
4607056
4607055
4607051
4607049
4607041
4607041
4607040
4607033
4607033
4607033
4607033
4607024
4607021
4607015
4607010
4607006
4607004
4606995
4606987
4606986
4606978
4606976
4606971
4606968
4606964
4606959
4606957
4606954
4606946
4606944
4606935
4606928
4606928
4606922
4606920
4606918
4606918
4606911
4606908
4606904
4606904
4606900
4606897
4606891
4606887
4606881
4606877
4606875
4606870
4606864
4606860
4606854
4606851
4606846
4606842
4606838
4606835
4606828
4606827
4606822
4606816
4606814
4606807
4606806
4606802
4606800
4606791
4606787
4606778
4606775
4606775
4606767
4606758
4606751
4606748
4606742
4606733
4606732
4606723
4606718
4606713
4606708
4606699
4606694
4606687
4606683
4606675
4606670
4606666
4606666
4606664
4606660
4606659
4606658
4606656
4606655
4606651
4606642
4606633
4606628
4606619
4606615
4606611
4606607
4606601
4606592
4606591
4606586
4606580
4606576
4606568
4606564
4606561
4606556
4606551
4606545
4606541
4606536
4606528
4606523
4606515
4606515
4606508
4606504
4606501
4606501
4606500
4606491
4606486
4606482
4606480
4606473
4606473
4606468
4606462
4606460
4606456
4606454
4606452
4606450
4606441
4606441
4606440
4606432
4606430
4606424
4606420
4606414
4606414
4606411
4606404
4606400
4606399
4606396
4606396
4606389
4606387
4606386
4606378
4606378
4606375
4606369
4606367
4606359
4606359
4606353
4606352
4606352
4606343
4606343
4606341
4606336
4606334
4606329
4606322
4606316
4606313
4606308
4606305
4606303
4606302
4606294
4606285
4606281
4606276
4606267
4606265
4606256
4606256
4606248
4606240
4606235
4606230
4606229
4606227
4606227
4606223
4606220
4606219
4606210
4606207
4606206
4606206
4606206
4606205
4606201
4606197
4606191
4606188
4606180
4606172
4606172
4606170
4606169
4606161
4606154
4606149
4606143
4606142
4606133
4606132
4606124
4606116
4606107
4606099
4606091
4606087
4606081
4606075
4606070
4606065
4606059
4606055
4606046
4606045
4606039
4606037
4606036
4606028
4606020
4606016
4606010
4606009
4606009
4606008
4606006
4606001
4605998
4605992
4605986
4605981
4605974
4605974
4605974
4605972
4605970
4605968
4605961
4605961
4605958
4605951
4605944
4605942
4605939
4605934
4605925
4605916
4605915
4605911
4605904
4605901
4605896
4605895
4605888
4605885
4605878
4605878
4605876
4605869
4605861
4605853
4605853
4605850
4605847
4605846
4605845
4605838
4605838
4605830
4605826
4605819
4605818
4605816
4605812
4605808
4605799
4605796
4605791
4605785
4605780
4605775
4605769
4605769
4605761
4605752
4605746
4605738
4605731
4605726
4605717
4605710
4605709
4605703
4605701
4605700
4605700
4605700
4605694
4605686
4605682
4605680
4605672
4605665
4605665
4605665
4605664
4605658
4605658
4605656
4605650
4605644
4605642
4605641
4605632
4605628
4605627
4605627
4605619
4605615
4605615
4605611
4605603
4605599
4605594
4605589
4605580
4605578
4605573
4605568
4605559
4605556
4605553
4605545
4605536
4605534
4605532
4605526
4605526
4605523
4605517
4605515
4605507
4605500
4605494
4605494
4605491
4605487
4605478
4605477
4605468
4605461
4605460
4605458
4605455
4605447
4605442
4605436
4605429
4605425
4605417
4605409
4605403
4605396
4605389
4605382
4605374
4605367
4605363
4605357
4605353
4605348
4605343
4605341
4605339
4605339
4605332
4605328
4605325
4605323
4605320
4605312
4605306
4605304
4605303
4605298
4605297
4605296
4605289
4605289
4605284
4605277
4605272
4605269
4605265
4605264
4605264
4605256
4605255
4605249
4605246
4605245
4605238
4605233
4605224
4605220
4605216
4605208
4605203
4605199
4605192
4605187
4605179
4605174
4605170
4605165
4605163
4605161
4605160
4605154
4605145
4605137
4605134
4605132
4605126
4605120
4605112
4605109
4605108
4605107
4605099
4605092
4605085
4605084
4605084
4605078
4605078
4605075
4605072
4605071
4605070
4605066
4605057
4605055
4605050
4605043
4605034
4605034
4605032
4605028
4605028
4605026
4605017
4605013
4605010
4605001
4604993
4604993
4604988
4604982
4604981
4604972
4604967
4604960
4604954
4604948
4604940
4604936
4604932
4604928
4604924
4604918
4604914
4604910
4604910
4604902
4604895
4604886
4604885
4604885
4604880
4604874
4604865
4604859
4604859
4604856
4604849
4604841
4604841
4604837
4604828
4604827
4604819
4604816
4604816
4604810
4604807
4604807
4604801
4604799
4604796
4604793
4604788
4604784
4604775
4604773
4604764
4604759
4604750
4604741
4604736
4604733
4604727
4604718
4604711
4604704
4604695
4604695
4604691
4604682
4604676
4604673
4604670
4604668
4604661
4604653
4604644
4604644
4604635
4604629
4604621
4604620
4604615
4604614
4604608
4604604
4604601
4604593
4604590
4604587
4604581
