4609146
4609137
4609135
4609126
4609123
4609114
4609113
4609104
4609100
4609095
4609090
4609090
4609089
4609085
4609077
4609069
4609064
4609055
4609046
4609046
4609038
4609031
4609029
4609024
4609017
4609015
4609011
4609010
4609008
4609005
4609000
4608992
4608985
4608979
4608976
4608969
4608960
4608954
4608953
4608952
4608951
4608951
4608950
4608949
4608946
4608938
4608930
4608923
4608919
4608912
4608906
4608902
4608895
4608886
4608879
4608877
4608872
4608868
4608864
4608860
4608854
4608852
4608845
4608837
4608830
4608821
4608813
4608813
4608811
4608806
4608801
4608796
4608795
4608787
4608787
4608787
4608780
4608774
4608769
4608765
4608759
4608758
4608757
4608751
4608751
4608743
4608740
4608739
4608732
4608727
4608719
4608712
4608703
4608696
4608688
4608682
4608681
4608681
4608673
4608672
4608672
4608665
4608661
4608657
4608654
4608649
4608641
4608638
4608629
4608628
4608620
4608612
4608610
4608605
4608599
4608599
4608596
4608590
4608583
4608578
4608574
4608573
4608564
4608556
4608551
4608546
4608543
4608537
4608531
4608522
4608519
4608518
4608514
4608510
4608502
4608500
4608497
4608495
4608486
4608484
4608482
4608477
4608471
4608462
4608453
4608453
4608446
4608440
4608437
4608429
4608425
4608423
4608420
4608415
4608412
4608408
4608399
4608398
4608391
4608389
4608383
4608374
4608367
4608366
4608363
4608360
4608352
4608351
4608343
4608338
4608337
4608332
4608332
4608323
4608316
4608310
4608304
4608299
4608290
4608287
4608283
4608278
4608274
4608271
4608264
4608258
4608255
4608251
4608242
4608242
4608235
4608226
4608218
4608215
4608206
4608198
4608191
4608183
4608176
4608172
4608172
4608169
4608165
4608159
4608154
4608151
4608151
4608145
4608145
4608143
4608141
4608133
4608128
4608120
4608116
4608115
4608109
4608105
4608098
4608094
4608088
4608081
4608079
4608073
4608071
4608068
4608061
4608053
4608046
4608040
4608039
4608033
4608030
4608024
4608023
4608020
4608015
4608015
4608009
4608000
4607999
4607993
4607985
4607976
4607967
4607967
4607958
4607956
4607953
4607953
4607948
4607948
4607947
4607941
4607933
4607928
4607928
4607920
4607915
4607912
4607909
4607906
4607899
4607898
4607893
4607888
4607880
4607876
4607868
4607866
4607865
4607861
4607857
4607852
4607844
4607838
4607838
4607837
4607832
4607826
4607825
4607818
4607811
4607802
4607802
4607801
4607798
4607789
4607782
4607782
4607776
4607768
4607759
4607759
4607750
4607748
4607741
4607733
4607730
4607724
4607722
4607722
4607714
4607707
4607707
4607701
4607693
4607685
4607677
4607668
4607663
4607663
4607658
4607653
4607652
4607651
4607651
4607642
4607634
4607629
4607620
4607614
4607612
4607609
4607605
4607597
4607593
4607591
4607584
4607579
4607578
4607576
4607570
4607568
4607564
4607558
4607557
4607554
4607546
4607543
4607539
4607538
4607532
4607525
4607521
4607521
4607513
4607511
4607507
4607503
4607494
4607493
4607487
4607481
4607480
4607480
4607472
4607466
4607459
4607456
4607456
4607448
4607444
4607443
4607439
4607436
4607427
4607425
4607420
4607413
4607407
4607402
4607396
4607391
4607385
4607380
4607372
4607370
4607364
4607363
4607361
4607361
4607355
4607352
4607349
4607344
4607342
4607334
4607328
4607321
4607314
4607309
4607300
4607297
4607293
4607289
4607289
4607281
4607279
4607277
4607276
4607270
4607262
4607260
4607252
4607249
4607243
4607243
4607237
4607230
4607224
4607215
4607209
4607205
4607202
4607194
4607185
4607180
4607171
4607168
4607165
4607163
4607160
4607153
4607150
4607142
4607138
4607136
4607136
4607130
4607124
4607118
4607111
4607107
4607098
4607090
4607082
4607076
4607069
4607064
4607056
4607055
4607051
4607049
4607041
4607041
4607040
4607033
4607033
4607033
4607033
4607024
4607021
4607015
4607010
4607006
4607004
4606995
4606987
4606986
4606978
4606976
4606971
4606968
4606964
4606959
4606957
4606954
4606946
4606944
4606935
4606928
4606928
4606922
4606920
4606918
4606918
4606911
4606908
4606904
4606904
4606900
4606897
4606891
4606887
4606881
4606877
4606875
4606870
4606864
4606860
4606854
4606851
4606846
4606842
4606838
4606835
4606828
4606827
4606822
4606816
4606814
4606807
4606806
4606802
4606800
4606791
4606787
4606778
4606775
4606775
4606767
4606758
4606751
4606748
4606742
4606733
4606732
4606723
4606718
4606713
4606708
4606699
4606694
4606687
4606683
4606675
4606670
4606666
4606666
4606664
4606660
4606659
4606658
4606656
4606655
4606651
4606642
4606633
4606628
4606619
4606615
4606611
4606607
4606601
4606592
4606591
4606586
4606580
4606576
4606568
4606564
4606561
4606556
4606551
4606545
4606541
4606536
4606528
4606523
4606515
4606515
4606508
4606504
4606501
4606501
4606500
4606491
4606486
4606482
4606480
4606473
4606473
4606468
4606462
4606460
4606456
4606454
4606452
4606450
4606441
4606441
4606440
4606432
4606430
4606424
4606420
4606414
4606414
4606411
4606404
4606400
4606399
4606396
4606396
4606389
4606387
4606386
4606378
4606378
4606375
4606369
4606367
4606359
4606359
4606353
4606352
4606352
4606343
4606343
4606341
4606336
4606334
4606329
4606322
4606316
4606313
4606308
4606305
4606303
4606302
4606294
4606285
4606281
4606276
4606267
4606265
4606256
4606256
4606248
4606240
4606235
4606230
4606229
4606227
4606227
4606223
4606220
4606219
4606210
4606207
4606206
4606206
4606206
4606205
4606201
4606197
4606191
4606188
4606180
4606172
4606172
4606170
4606169
4606161
4606154
4606149
4606143
4606142
4606133
4606132
4606124
4606116
4606107
4606099
4606091
4606087
4606081
4606075
4606070
4606065
4606059
4606055
4606046
4606045
4606039
4606037
4606036
4606028
4606020
4606016
4606010
4606009
4606009
4606008
4606006
4606001
4605998
4605992
4605986
4605981
4605974
4605974
4605974
4605972
4605970
4605968
4605961
4605961
4605958
4605951
4605944
4605942
4605939
4605934
4605925
4605916
4605915
4605911
4605904
4605901
4605896
4605895
4605888
4605885
4605878
4605878
4605876
4605869
4605861
4605853
4605853
4605850
4605847
4605846
4605845
4605838
4605838
4605830
4605826
4605819
4605818
4605816
4605812
4605808
4605799
4605796
4605791
4605785
4605780
4605775
4605769
4605769
4605761
4605752
4605746
4605738
4605731
4605726
4605717
4605710
4605709
4605703
4605701
4605700
4605700
4605700
4605694
4605686
4605682
4605680
4605672
4605665
4605665
4605665
4605664
4605658
4605658
4605656
4605650
4605644
4605642
4605641
4605632
4605628
4605627
4605627
4605619
4605615
4605615
4605611
4605603
4605599
4605594
4605589
4605580
4605578
4605573
4605568
4605559
4605556
4605553
4605545
4605536
4605534
4605532
4605526
4605526
4605523
4605517
4605515
4605507
4605500
4605494
4605494
4605491
4605487
4605478
4605477
4605468
4605461
4605460
4605458
4605455
4605447
4605442
4605436
4605429
4605425
4605417
4605409
4605403
4605396
4605389
4605382
4605374
4605367
4605363
4605357
4605353
4605348
4605343
4605341
4605339
4605339
4605332
4605328
4605325
4605323
4605320
4605312
4605306
4605304
4605303
4605298
4605297
4605296
4605289
4605289
4605284
4605277
4605272
4605269
4605265
4605264
4605264
4605256
4605255
4605249
4605246
4605245
4605238
4605233
4605224
4605220
4605216
4605208
4605203
4605199
4605192
4605187
4605179
4605174
4605170
4605165
4605163
4605161
4605160
4605154
4605145
4605137
4605134
4605132
4605126
4605120
4605112
4605109
4605108
4605107
4605099
4605092
4605085
4605084
4605084
4605078
4605078
4605075
4605072
4605071
4605070
4605066
4605057
4605055
4605050
4605043
4605034
4605034
4605032
4605028
4605028
4605026
4605017
4605013
4605010
4605001
4604993
4604993
4604988
4604982
4604981
4604972
4604967
4604960
4604954
4604948
4604940
4604936
4604932
4604928
4604924
4604918
4604914
4604910
4604910
4604902
4604895
4604886
4604885
4604885
4604880
4604874
4604865
4604859
4604859
4604856
4604849
4604841
4604841
4604837
4604828
4604827
4604819
4604816
4604816
4604810
4604807
4604807
4604801
4604799
4604796
4604793
4604788
4604784
4604775
4604773
4604764
4604759
4604750
4604741
4604736
4604733
4604727
4604718
4604711
4604704
4604695
4604695
4604691
4604682
4604676
4604673
4604670
4604668
4604661
4604653
4604644
4604644
4604635
4604629
4604621
4604620
4604615
4604614
4604608
4604604
4604601
4604593
4604590
4604587
4604581
4604574
4604566
4604565
4604561
4604556
4604555
4604546
4604537
4604533
4604532
4604532
4604528
4604523
4604515
4604511
4604510
4604503
4604501
4604494
4604490
4604482
4604473
4604467
4604464
4604462
4604457
4604451
4604450
4604446
4604441
4604441
4604435
4604434
4604432
4604425
4604416
4604407
4604401
4604392
4604389
4604387
4604383
4604377
4604372
4604365
4604362
4604360
4604356
4604349
4604343
4604339
4604337
4604333
4604329
4604322
4604313
4604313
4604311
4604303
4604298
4604295
4604286
4604286
4604285
4604279
4604270
4604269
4604268
4604261
4604254
4604248
4604245
4604243
4604234
4604228
4604226
4604221
4604213
4604209
4604201
4604201
4604198
4604197
4604190
4604184
4604184
4604175
4604173
4604170
4604167
4604159
4604153
4604152
4604143
4604137
4604128
4604119
4604116
4604115
4604114
4604107
4604101
4604101
4604092
4604083
4604074
4604074
4604073
4604068
4604065
4604058
4604052
4604047
4604043
4604035
4604029
4604025
4604019
4604018
4604017
4604014
4604010
4604009
4604003
4604001
4604001
4604000
4603995
4603995
4603988
4603982
4603974
4603966
4603965
4603963
4603954
4603954
4603945
4603937
4603935
4603930
4603923
4603921
4603918
4603909
4603900
4603900
4603896
4603891
4603882
4603877
4603873
4603864
4603864
4603857
4603856
4603856
4603856
4603855
4603851
4603850
4603845
4603841
4603837
4603836
4603827
4603820
4603812
4603812
4603803
4603801
4603796
4603787
4603781
4603775
4603766
4603757
4603750
4603749
4603740
4603739
4603739
4603737
4603734
4603727
4603727
4603721
4603717
4603714
4603706
4603703
4603696
4603692
4603684
4603675
4603674
4603670
4603668
4603667
4603662
4603660
4603651
4603647
4603640
4603635
4603635
4603632
4603627
4603625
4603619
4603614
4603609
4603606
4603606
4603600
4603599
4603593
4603585
4603582
4603575
4603573
4603569
4603564
4603559
4603557
4603557
4603556
4603551
4603549
4603546
4603537
4603532
4603527
4603524
4603523
4603518
4603510
4603505
4603498
4603490
4603484
4603477
4603468
4603463
4603459
4603457
4603451
4603450
4603447
4603438
4603432
4603423
4603418
4603417
4603413
4603410
4603408
4603408
4603399
4603394
4603385
4603384
4603378
4603376
4603373
4603373
4603370
4603367
4603359
4603354
4603352
4603352
4603346
4603345
4603336
4603336
4603335
4603332
4603330
4603328
4603323
4603319
4603314
4603310
4603302
4603301
4603298
4603292
4603292
4603288
4603284
4603280
4603280
4603276
4603276
4603272
4603265
4603265
4603265
4603264
4603259
4603250
4603247
4603242
4603242
4603236
4603231
4603231
4603226
4603226
4603218
4603214
4603213
4603210
4603209
4603209
4603206
4603201
4603198
4603195
4603191
4603189
4603186
4603180
4603171
4603162
4603160
4603158
4603152
4603148
4603143
4603135
4603127
4603120
4603118
4603110
4603110
4603103
4603099
4603090
4603090
4603090
4603084
4603083
4603082
4603081
4603073
4603065
4603065
4603061
4603058
4603054
4603045
4603041
4603039
4603032
4603025
4603021
4603018
4603009
4603007
4602999
4602999
4602996
4602992
4602989
4602988
4602982
4602974
4602965
4602957
4602954
4602947
4602945
4602942
4602936
4602932
4602932
4602932
4602925
4602917
4602914
4602911
4602907
4602900
4602892
4602888
4602884
4602881
4602877
4602874
4602872
4602865
4602858
4602857
4602851
4602846
4602838
4602837
4602836
4602834
4602832
4602831
4602828
4602824
4602824
4602824
4602818
4602815
4602811
4602811
4602810
4602801
4602793
4602784
4602782
4602778
4602770
4602762
4602754
4602753
4602749
4602746
4602743
4602743
4602734
4602731
4602722
4602716
4602716
4602710
4602709
4602702
4602698
4602696
4602696
4602687
4602682
4602676
4602673
4602670
4602665
4602665
4602665
4602656
4602649
4602647
4602647
4602639
4602637
4602637
4602634
4602633
4602630
4602628
4602620
4602619
4602611
4602607
4602599
4602594
4602590
4602590
4602587
4602584
4602575
4602566
4602560
4602555
4602548
4602545
4602542
4602539
4602536
4602530
4602527
4602527
4602521
4602512
4602510
4602508
4602508
4602508
4602505
4602499
4602491
4602482
4602474
4602465
4602463
4602455
4602447
4602439
4602435
4602432
4602426
4602421
4602414
4602406
4602405
4602402
4602401
4602398
4602396
4602389
4602389
4602385
4602383
4602381
4602374
4602371
4602368
4602364
4602358
4602350
4602348
4602344
4602340
4602332
4602328
4602323
4602316
4602310
4602302
4602298
4602295
4602287
4602282
4602282
4602279
4602277
4602275
4602272
4602267
4602262
4602262
4602256
4602256
4602253
4602249
4602241
4602234
4602227
4602219
4602214
4602212
4602206
4602205
4602196
4602196
4602191
4602187
4602178
4602173
4602167
4602167
4602164
4602159
4602157
4602149
4602147
4602147
4602146
4602139
4602133
4602127
4602126
4602121
4602118
4602109
4602101
4602100
4602094
4602085
4602084
4602080
4602078
4602074
4602073
4602066
4602063
4602055
4602055
4602055
4602049
4602047
4602043
4602041
4602035
4602026
4602020
4602019
4602013
4602005
4601996
4601990
4601986
4601983
4601974
4601972
4601971
4601970
4601968
4601965
4601961
4601959
4601959
4601950
4601942
4601939
4601931
4601929
4601921
4601917
4601915
4601906
4601904
4601898
4601897
4601897
4601889
4601885
4601879
4601872
4601865
4601861
4601855
4601846
4601839
4601838
4601829
4601822
4601813
4601811
4601810
4601807
4601803
4601802
4601797
4601790
4601783
4601774
4601771
4601767
4601763
4601758
4601751
4601743
4601740
4601733
4601726
4601717
4601709
4601706
4601697
4601688
4601680
4601675
4601667
4601665
4601657
4601649
4601644
4601639
4601638
4601634
4601628
4601624
4601622
4601619
4601615
4601606
4601606
4601601
4601593
4601584
4601575
4601570
4601567
4601563
4601554
4601551
4601545
4601539
4601530
4601523
4601520
4601518
4601514
4601509
4601507
4601498
4601489
4601487
4601486
4601477
4601477
4601470
4601468
4601460
4601452
4601448
4601446
4601438
4601435
4601434
4601425
4601425
4601425
4601423
4601416
4601415
4601413
4601411
4601408
4601401
4601394
4601387
4601384
4601382
4601382
4601373
4601366
4601364
4601364
4601355
4601348
4601347
4601340
4601335
4601334
4601329
4601328
4601321
4601319
4601313
4601309
4601309
4601301
4601301
4601294
4601293
4601285
4601284
4601277
4601268
4601268
4601264
4601255
4601247
4601245
4601238
4601231
4601228
4601225
4601220
4601219
4601218
4601211
4601209
4601206
4601206
4601203
4601201
4601194
4601188
4601188
4601187
4601179
4601171
4601171
4601170
4601162
4601154
4601151
4601142
4601138
4601136
4601135
4601127
4601124
4601117
4601109
4601103
4601102
4601099
4601091
4601087
4601087
4601084
4601075
4601072
4601069
4601066
4601058
4601049
4601043
4601036
4601032
4601026
4601026
4601024
4601021
4601019
4601011
4601011
4601008
4601000
4600998
4600994
4600992
4600986
4600981
4600980
4600971
4600967
4600960
4600953
4600945
4600936
4600928
4600928
4600921
4600913
4600912
4600904
4600900
4600895
4600889
4600884
4600877
4600873
4600867
4600858
4600854
4600845
4600841
4600839
4600831
4600827
4600823
4600822
4600814
4600814
4600811
4600802
4600799
4600794
4600790
4600783
4600780
4600776
4600770
4600765
4600762
4600761
4600759
4600753
4600753
4600745
4600744
4600736
4600727
4600724
4600721
4600720
4600713
4600711
4600703
4600696
4600696
4600691
4600682
4600678
4600673
4600669
4600665
4600661
4600653
4600648
4600640
4600638
4600634
4600634
4600632
4600629
4600626
4600619
4600611
4600607
4600606
4600602
4600600
4600600
4600591
4600587
4600581
4600575
4600575
4600573
4600564
4600562
4600560
4600559
4600551
4600544
4600541
4600540
4600536
4600534
4600532
4600527
4600519
4600515
4600511
4600506
4600501
4600500
4600496
4600491
4600486
4600482
4600481
4600477
4600474
4600474
4600465
4600461
4600457
4600457
4600450
4600447
4600442
4600438
4600430
4600426
4600425
4600425
4600416
4600413
4600409
4600405
4600400
4600394
4600392
4600386
4600378
4600377
4600374
4600367
4600364
4600357
4600356
4600347
4600346
4600346
4600344
4600335
4600326
4600325
4600325
4600320
4600316
4600308
4600302
4600294
4600286
4600286
4600281
4600280
4600273
4600271
4600270
4600266
4600265
4600257
4600249
4600246
4600242
4600235
4600226
4600220
4600216
4600211
4600209
4600203
4600197
4600196
4600191
4600191
4600187
4600178
4600171
4600170
4600164
4600157
4600154
4600145
4600141
4600137
4600132
4600131
4600124
4600123
4600117
4600116
4600108
4600102
4600101
4600096
4600094
4600092
4600085
4600079
4600071
4600063
4600054
4600045
4600038
4600030
4600022
4600018
4600013
4600010
4600003
4599995
4599987
4599987
4599985
4599981
4599978
4599969
4599961
4599956
4599948
4599945
4599941
4599940
4599933
4599932
4599924
4599919
4599915
4599915
4599909
4599904
4599899
4599890
4599886
4599884
4599882
4599879
4599876
4599871
4599867
4599859
4599850
4599841
4599841
4599833
4599825
4599817
4599815
4599808
4599803
4599794
4599788
4599784
4599775
4599772
4599766
4599757
4599752
4599751
4599750
4599743
4599738
4599734
4599732
4599729
4599729
4599720
4599715
4599711
4599708
4599701
4599701
4599701
4599701
4599692
4599684
4599684
4599682
4599682
4599674
4599666
4599662
4599659
4599654
4599654
4599650
4599642
4599637
4599635
4599627
4599620
4599616
4599615
4599607
4599602
4599594
4599590
4599588
4599582
4599578
4599575
4599567
4599564
4599564
4599560
4599553
4599549
4599547
4599539
4599538
4599533
4599526
4599522
4599520
4599512
4599510
4599504
4599497
4599496
4599489
4599484
4599481
4599474
4599468
4599461
4599460
4599454
4599446
4599442
4599436
4599436
4599428
4599427
4599425
4599418
4599412
4599411
4599406
4599403
4599399
4599395
4599391
4599391
4599383
4599378
4599370
4599363
4599360
4599352
4599352
4599346
4599341
4599338
4599329
4599327
4599324
4599322
4599321
4599321
4599317
4599313
4599312
4599312
4599311
4599308
4599301
4599300
4599299
4599294
4599288
4599287
4599286
4599285
4599276
4599275
4599271
4599264
4599257
4599255
4599253
4599250
4599243
4599238
4599233
4599227
4599220
4599220
4599219
4599213
4599205
4599197
4599196
4599191
4599190
4599184
4599177
4599170
4599169
4599163
4599155
4599153
4599152
4599148
4599143
4599134
4599131
4599130
4599127
4599118
4599118
4599112
4599112
4599111
4599102
4599097
4599093
4599086
4599079
4599075
4599069
4599064
4599058
4599055
4599055
4599046
4599038
4599038
4599033
4599028
4599019
4599013
4599013
4599006
4599005
4598996
4598993
4598992
4598992
4598990
4598984
4598981
4598972
4598968
4598961
4598957
4598951
4598950
4598947
4598944
4598939
4598939
4598930
4598930
4598923
4598917
4598910
4598908
4598899
4598899
4598890
4598881
4598878
4598878
4598874
4598871
4598864
4598858
4598853
4598846
4598846
4598842
4598834
4598828
4598821
4598815
4598808
4598807
4598807
4598802
4598797
4598789
4598783
4598774
4598772
4598772
4598767
4598759
4598758
4598758
4598755
4598754
4598745
4598743
4598734
4598734
4598730
4598726
4598722
4598715
4598710
4598703
4598702
4598700
4598699
4598696
4598692
4598691
4598684
4598678
4598677
4598676
4598669
4598663
4598657
4598652
4598647
4598638
4598634
4598634
4598627
4598622
4598616
4598613
4598609
4598608
4598599
4598595
4598587
4598582
4598580
4598574
4598566
4598560
4598552
4598544
4598536
4598528
4598522
4598513
4598504
4598502
4598493
4598489
4598486
4598478
4598477
4598477
4598474
4598473
4598469
4598469
4598467
4598460
4598459
4598455
4598455
4598451
4598450
4598441
4598436
4598431
4598425
4598424
4598418
4598409
4598402
4598394
4598394
4598390
4598381
4598380
4598377
4598375
4598366
4598359
4598350
4598345
4598343
4598341
4598333
4598325
4598321
4598312
4598306
4598305
4598300
4598297
4598296
4598295
4598287
4598282
4598280
4598274
4598266
4598258
4598251
4598249
4598244
4598241
4598240
4598234
4598225
4598224
4598215
4598209
4598202
4598201
4598199
4598192
4598189
4598182
4598180
4598179
4598175
4598166
4598157
4598149
4598142
4598138
4598136
4598127
4598121
4598117
4598109
4598103
4598095
4598088
4598081
4598072
4598065
4598063
4598061
4598061
4598058
4598050
4598049
4598043
4598036
4598032
4598023
4598017
4598008
4598005
4597996
4597987
4597983
4597978
4597970
4597970
4597962
4597962
4597955
4597948
4597941
4597940
4597936
4597936
4597928
4597928
4597924
4597919
4597917
4597911
4597903
4597897
4597896
4597888
4597880
4597880
4597873
4597872
4597871
4597868
4597860
4597856
4597850
4597844
4597837
4597836
4597836
4597831
4597830
4597821
4597819
4597810
4597805
4597800
4597794
4597787
4597781
4597774
4597773
4597769
4597764
4597758
4597758
4597755
4597751
4597750
4597743
4597736
4597731
4597729
4597728
4597721
4597716
4597716
4597715
4597709
4597703
4597703
4597701
4597692
4597690
4597689
4597686
4597677
4597675
4597667
4597667
4597658
4597651
4597651
4597646
4597646
4597640
4597637
4597631
4597627
4597626
4597625
4597619
4597615
4597614
4597606
4597597
4597592
4597589
4597584
4597580
4597578
4597569
4597563
4597562
4597560
4597552
4597552
4597545
4597540
4597535
4597527
4597520
4597512
4597507
4597502
4597502
4597496
4597494
4597494
4597485
4597482
4597474
4597472
4597467
4597460
4597455
4597450
4597448
4597445
4597443
4597437
4597435
4597427
4597422
4597418
4597409
4597409
4597403
4597399
4597398
4597390
4597390
4597390
4597387
4597386
4597377
4597369
4597361
4597354
4597345
4597342
4597334
4597330
4597330
4597322
4597316
4597308
4597302
4597298
4597297
4597292
4597291
4597287
4597286
4597282
4597280
4597278
4597271
4597267
4597266
4597261
4597257
4597254
4597251
4597243
4597237
4597232
4597232
4597223
4597214
4597213
4597208
4597200
4597195
4597189
4597182
4597173
4597168
4597159
4597155
4597153
4597147
4597147
4597140
4597139
4597135
4597134
4597133
4597132
4597128
4597123
4597123
4597122
4597118
4597112
4597108
4597106
4597102
4597099
4597097
4597090
4597089
4597089
4597088
4597088
4597087
4597079
4597078
4597069
4597062
4597057
4597050
4597046
4597041
4597032
4597027
4597025
4597018
4597016
4597014
4597012
4597012
4597009
4597005
4597003
4597003
4596996
4596991
4596984
4596984
4596977
4596975
4596971
4596964
4596961
4596952
4596949
4596945
4596945
4596943
4596935
4596932
4596923
4596919
4596912
4596911
4596910
4596906
4596904
4596904
4596901
4596897
4596895
4596889
4596883
4596878
4596877
4596874
4596871
4596867
4596860
4596855
4596854
4596845
4596844
4596839
4596833
4596827
4596818
4596811
4596808
4596806
4596801
4596793
4596792
4596786
4596782
4596780
4596776
4596771
4596764
4596762
4596762
4596758
4596752
4596743
4596737
4596731
4596731
4596726
4596721
4596718
4596713
4596709
4596701
4596697
4596697
4596696
4596687
4596678
4596673
4596664
4596656
4596650
4596642
4596638
4596636
4596631
4596627
4596627
4596625
4596618
4596616
4596616
4596614
4596614
4596611
4596610
4596609
4596609
4596601
4596595
4596590
4596585
4596576
4596571
4596566
4596566
4596564
4596560
4596558
4596558
4596551
4596550
4596549
4596545
4596545
4596536
4596530
4596526
4596526
4596523
4596517
4596515
4596508
4596505
4596499
4596495
4596491
4596488
4596485
4596482
4596477
4596475
4596468
4596468
4596466
4596459
4596457
4596451
4596446
4596438
4596437
4596432
4596428
4596420
4596412
4596407
4596406
4596397
4596388
4596385
4596384
4596375
4596370
4596363
4596357
4596351
4596345
4596338
4596334
4596330
4596329
4596328
4596320
4596319
4596310
4596310
4596310
4596301
4596300
4596299
4596298
4596296
4596290
4596281
4596274
4596272
4596270
4596262
4596262
4596257
4596251
4596250
4596250
4596244
4596241
4596234
4596225
4596223
4596215
4596206
4596204
4596198
4596191
4596188
4596185
4596185
4596179
4596177
4596177
4596172
4596172
4596165
4596163
4596157
4596148
4596144
4596143
4596139
4596131
4596129
4596122
4596122
4596121
4596117
4596109
4596103
4596099
4596094
4596086
4596078
4596071
4596066
4596060
4596054
4596050
4596045
4596036
4596036
4596029
4596027
4596026
4596020
4596015
4596014
4596006
4595998
4595998
4595990
4595987
4595981
4595973
4595965
4595960
4595959
4595952
4595951
4595942
4595939
4595936
4595934
4595933
4595933
4595924
4595923
4595918
4595917
4595912
4595904
4595895
4595890
4595890
4595884
4595884
4595881
4595879
4595873
4595868
4595861
4595856
4595847
4595839
4595834
4595827
4595823
4595820
4595820
4595820
4595819
4595819
4595816
4595809
4595803
4595797
4595789
4595789
4595786
4595777
4595777
4595771
4595766
4595759
4595757
4595748
4595740
4595732
4595730
4595726
4595719
4595710
4595709
4595709
4595704
4595697
4595695
4595691
4595682
4595681
4595672
4595668
4595666
4595665
4595661
4595659
4595657
4595650
4595649
4595648
4595643
4595642
4595633
4595629
4595625
4595621
4595615
4595610
4595610
4595602
4595600
4595596
4595591
4595589
4595581
4595574
4595570
4595561
4595560
4595557
4595557
4595550
4595544
4595540
4595538
4595531
4595525
4595516
4595509
4595509
4595502
4595499
4595491
4595484
4595484
4595483
4595479
4595476
4595468
4595460
4595452
4595447
4595439
4595438
4595430
4595422
4595414
4595409
4595400
4595397
4595388
4595388
4595386
4595377
4595370
4595365
4595359
4595357
4595354
4595347
4595340
4595339
4595334
4595330
4595322
4595314
4595311
4595310
4595304
4595296
4595294
4595294
4595286
4595284
4595276
4595269
4595264
4595263
4595258
4595252
4595244
4595240
4595233
4595233
4595233
4595232
4595223
4595220
4595216
4595207
4595199
4595199
4595192
4595184
4595179
4595179
4595177
4595170
4595161
4595157
4595154
4595147
4595141
4595133
4595126
4595120
4595119
4595111
4595104
4595101
4595093
4595085
4595078
4595077
4595077
4595077
4595069
4595064
4595057
4595055
4595049
4595044
4595042
4595034
4595029
4595024
4595017
4595016
4595009
4595008
4595002
4595002
4594998
4594992
4594990
4594989
4594980
4594976
4594972
4594970
4594969
4594964
4594962
4594958
4594958
4594949
4594949
4594945
4594936
4594933
4594930
4594929
4594929
4594926
4594919
4594917
4594909
4594908
4594904
4594902
4594896
4594892
4594890
4594881
4594881
4594880
4594871
4594868
4594864
4594859
4594853
4594847
4594839
4594831
4594831
4594827
4594822
4594817
4594817
4594808
4594806
4594801
4594798
4594796
4594790
4594786
4594786
4594779
4594773
4594773
4594767
4594759
4594752
4594744
4594738
4594736
4594734
4594731
4594724
4594716
4594716
4594713
4594706
4594703
4594695
4594689
4594681
4594681
4594678
4594673
4594664
4594662
4594660
4594657
4594650
4594642
4594640
4594631
4594624
4594623
4594616
4594611
4594608
4594603
4594602
4594596
4594589
4594583
4594575
4594572
4594570
4594565
4594560
4594557
4594551
4594543
4594537
4594531
4594531
4594525
4594525
4594523
4594522
4594521
4594515
4594507
4594502
4594501
4594501
4594500
4594493
4594488
4594488
4594482
4594479
4594474
4594468
4594465
4594465
4594459
4594452
4594447
4594444
4594440
4594432
4594425
4594417
4594412
4594411
4594409
4594409
4594401
4594393
4594393
4594386
4594386
4594384
4594381
4594377
4594372
4594363
4594362
4594361
4594355
4594346
4594346
4594344
4594339
4594331
4594329
4594323
4594323
4594321
4594321
4594313
4594311
4594304
4594297
4594294
4594292
4594284
4594278
4594269
4594261
4594256
4594250
4594248
4594240
4594231
4594225
4594217
4594212
4594211
4594209
4594209
4594207
4594198
4594191
4594184
4594182
4594175
4594173
4594172
4594166
4594158
4594156
4594149
4594149
4594149
4594149
4594149
4594148
4594146
4594146
4594142
4594139
4594134
4594130
4594124
4594118
4594111
4594109
4594106
4594098
4594098
4594095
4594087
4594082
4594078
4594075
4594072
4594066
4594059
4594056
4594053
4594048
4594042
4594038
4594031
4594029
4594022
4594020
4594018
4594018
4594013
4594005
4594001
4594000
4593994
4593991
4593987
4593985
4593977
4593968
4593966
4593964
4593962
4593957
4593949
4593941
4593938
4593938
4593930
4593927
4593918
4593909
4593908
4593903
4593903
4593895
4593887
4593881
4593881
4593880
4593871
4593868
4593860
4593859
4593852
4593850
4593849
4593849
4593840
4593832
4593824
4593822
4593819
4593810
4593809
4593802
4593795
4593791
4593788
4593785
4593781
4593778
4593771
4593766
4593762
4593753
4593746
4593739
4593737
4593733
4593725
4593725
4593719
4593712
4593706
4593705
4593700
4593695
4593689
4593683
4593678
4593669
4593666
4593663
4593657
4593649
4593643
4593641
4593638
4593629
4593627
4593620
4593617
4593608
4593607
4593599
4593598
4593592
4593590
4593581
4593575
4593566
4593561
4593561
4593561
4593556
4593552
4593547
4593539
4593535
4593534
4593528
4593519
4593511
4593505
4593502
4593498
4593489
4593480
4593472
4593465
4593464
4593459
4593457
4593454
4593450
4593449
4593448
4593447
4593445
4593445
4593445
4593443
4593436
4593429
4593427
4593422
4593417
4593410
4593401
4593400
4593391
4593391
4593382
4593380
4593378
4593373
4593371
4593363
4593355
4593353
4593349
4593343
4593338
4593335
4593327
4593320
4593320
4593313
4593305
4593303
4593295
4593293
4593289
4593289
4593281
4593281
4593276
4593272
4593267
4593266
4593264
4593260
4593259
4593258
4593258
4593255
4593254
4593247
4593243
4593242
4593240
4593231
4593225
4593216
4593210
4593201
4593201
4593198
4593189
4593187
4593179
4593174
4593172
4593172
4593167
4593163
4593157
4593151
4593147
4593147
4593141
4593134
4593132
4593129
4593126
4593125
4593125
4593125
4593124
4593115
4593112
4593107
4593101
4593093
4593091
4593083
4593078
4593074
4593067
4593060
4593060
4593054
4593054
4593049
4593048
4593039
4593030
4593029
4593026
4593024
4593020
4593018
4593013
4593006
4593002
4592999
4592994
4592992
4592988
4592986
4592981
4592978
4592973
4592970
4592962
4592962
4592955
4592952
4592948
4592941
4592932
4592926
4592917
4592910
4592901
4592901
4592896
4592894
4592888
4592886
4592877
4592874
4592866
4592860
4592857
4592856
4592848
4592846
4592845
4592843
4592834
4592832
4592832
4592832
4592828
4592821
4592813
4592808
4592803
4592802
4592797
4592795
4592790
4592782
4592774
4592765
4592764
4592755
4592746
4592744
4592736
4592736
4592735
4592726
4592721
4592717
4592709
4592708
4592704
4592696
4592690
4592681
4592679
4592679
4592672
4592668
4592666
4592658
4592649
4592648
4592640
4592632
4592625
4592617
4592613
4592608
4592600
4592598
4592598
4592593
4592587
4592585
4592578
4592569
4592562
4592558
4592549
4592546
4592540
4592531
4592525
4592519
4592516
4592513
4592508
4592499
4592491
4592484
4592477
4592469
4592466
4592458
4592455
4592447
4592446
4592444
4592436
4592436
4592432
4592428
4592421
4592419
4592415
4592407
4592406
4592404
4592395
4592391
4592384
4592375
4592373
4592367
4592358
4592354
4592348
4592347
4592338
4592335
4592326
4592325
4592318
4592309
4592309
4592305
4592298
4592297
4592291
4592284
4592282
4592276
4592270
4592261
4592256
4592252
4592248
4592245
4592243
4592235
4592231
4592231
4592226
4592224
4592219
4592211
4592210
4592208
4592201
4592196
4592190
4592185
4592178
4592176
4592175
4592171
4592168
4592160
4592151
4592149
4592149
4592141
4592133
4592129
4592125
4592117
4592114
4592112
4592110
4592106
4592098
4592093
4592091
4592083
4592081
4592079
4592070
4592068
4592059
4592058
4592049
4592044
4592039
4592034
4592033
4592024
4592015
4592010
4592007
4592005
4591999
4591991
4591984
4591981
4591972
4591968
4591961
4591954
4591954
4591946
4591944
4591936
4591932
4591923
4591922
4591921
4591921
4591912
4591912
4591905
4591903
4591898
4591898
4591895
4591891
4591890
4591885
4591881
4591873
4591867
4591859
4591859
4591852
4591844
4591844
4591843
4591836
4591827
4591818
4591816
4591816
4591807
4591800
4591792
4591792
4591792
4591790
4591781
4591779
4591774
4591767
4591759
4591751
4591749
4591743
4591734
4591734
4591731
4591730
4591722
4591714
4591713
4591713
4591705
4591700
4591696
4591692
4591687
4591678
4591672
4591669
4591665
4591658
4591651
4591649
4591647
4591644
4591638
4591638
4591630
4591627
4591627
4591622
4591613
4591609
4591605
4591605
4591597
4591593
4591591
4591585
4591583
4591583
4591574
4591572
4591564
4591564
4591561
4591558
4591554
4591553
4591546
4591546
4591545
4591543
4591537
4591535
4591532
4591531
4591527
4591525
4591524
4591518
4591514
4591506
4591505
4591496
4591496
4591491
4591486
4591479
4591472
4591463
4591462
4591460
4591460
4591452
4591444
4591441
4591437
4591434
4591431
4591430
4591423
4591419
4591414
4591410
4591409
4591400
4591394
4591387
4591380
4591373
4591371
4591366
4591361
4591358
4591354
4591349
4591343
4591334
4591326
4591320
4591317
4591315
4591313
4591310
4591306
4591303
4591300
4591292
4591289
4591280
4591271
4591266
4591261
4591254
4591248
4591248
4591243
4591242
4591236
4591231
4591224
4591215
4591213
4591205
4591204
4591203
4591199
4591193
4591187
4591181
4591174
4591174
4591172
4591170
4591161
4591159
4591155
4591151
4591144
4591136
4591129
4591123
4591119
4591112
4591108
4591099
4591097
4591091
4591091
4591090
