4609146
4609137
4609135
4609126
4609123
4609114
4609113
4609104
4609100
4609095
4609090
4609090
4609089
4609085
4609077
4609069
4609064
4609055
4609046
4609046
4609038
4609031
4609029
4609024
4609017
4609015
4609011
4609010
4609008
4609005
4609000
4608992
4608985
4608979
4608976
4608969
4608960
4608954
4608953
4608952
4608951
4608951
4608950
4608949
4608946
4608938
4608930
4608923
4608919
4608912
4608906
4608902
4608895
4608886
4608879
4608877
4608872
4608868
4608864
4608860
4608854
4608852
4608845
4608837
4608830
4608821
4608813
4608813
4608811
4608806
4608801
4608796
4608795
4608787
4608787
4608787
4608780
4608774
4608769
4608765
4608759
4608758
4608757
4608751
4608751
4608743
4608740
4608739
4608732
4608727
4608719
4608712
4608703
4608696
4608688
4608682
4608681
4608681
4608673
4608672
4608672
4608665
4608661
4608657
4608654
4608649
4608641
4608638
4608629
4608628
4608620
4608612
4608610
4608605
4608599
4608599
4608596
4608590
4608583
4608578
4608574
4608573
4608564
4608556
4608551
4608546
4608543
4608537
4608531
4608522
4608519
4608518
4608514
4608510
4608502
4608500
4608497
4608495
4608486
4608484
4608482
4608477
4608471
4608462
4608453
4608453
4608446
4608440
4608437
4608429
4608425
4608423
4608420
4608415
4608412
4608408
4608399
4608398
4608391
4608389
4608383
4608374
4608367
4608366
4608363
4608360
4608352
4608351
4608343
4608338
4608337
4608332
4608332
4608323
4608316
4608310
4608304
4608299
4608290
4608287
4608283
4608278
4608274
4608271
4608264
4608258
4608255
4608251
4608242
4608242
4608235
4608226
4608218
4608215
4608206
4608198
4608191
4608183
4608176
4608172
4608172
4608169
4608165
4608159
4608154
4608151
4608151
4608145
4608145
4608143
4608141
4608133
4608128
4608120
4608116
4608115
4608109
4608105
4608098
4608094
4608088
4608081
4608079
4608073
4608071
4608068
4608061
4608053
4608046
4608040
4608039
4608033
4608030
4608024
4608023
4608020
4608015
4608015
4608009
4608000
4607999
4607993
4607985
4607976
4607967
4607967
4607958
4607956
4607953
4607953
4607948
4607948
4607947
4607941
4607933
4607928
4607928
4607920
4607915
4607912
4607909
4607906
4607899
4607898
4607893
4607888
4607880
4607876
4607868
4607866
4607865
4607861
4607857
4607852
4607844
4607838
4607838
4607837
4607832
4607826
4607825
4607818
4607811
4607802
4607802
4607801
4607798
4607789
4607782
4607782
4607776
4607768
4607759
4607759
4607750
4607748
4607741
4607733
4607730
4607724
4607722
4607722
4607714
4607707
4607707
4607701
4607693
4607685
4607677
4607668
4607663
4607663
4607658
4607653
4607652
4607651
4607651
4607642
4607634
4607629
4607620
4607614
4607612
4607609
4607605
4607597
4607593
4607591
4607584
4607579
4607578
4607576
4607570
4607568
4607564
4607558
4607557
4607554
4607546
4607543
4607539
4607538
4607532
4607525
4607521
4607521
4607513
4607511
4607507
4607503
4607494
4607493
4607487
4607481
4607480
4607480
4607472
4607466
4607459
4607456
4607456
4607448
4607444
4607443
4607439
4607436
4607427
4607425
4607420
4607413
4607407
4607402
4607396
4607391
4607385
4607380
4607372
4607370
4607364
4607363
4607361
4607361
4607355
4607352
4607349
4607344
4607342
4607334
4607328
4607321
4607314
4607309
4607300
4607297
4607293
4607289
4607289
4607281
4607279
4607277
4607276
4607270
4607262
4607260
4607252
4607249
4607243
4607243
4607237
4607230
4607224
4607215
4607209
4607205
4607202
4607194
4607185
4607180
4607171
4607168
4607165
4607163
4607160
4607153
4607150
4607142
4607138
4607136
4607136
4607130
4607124
4607118
4607111
4607107
4607098
4607090
4607082
4607076
4607069
4607064
4607056
4607055
4607051
4607049
4607041
4607041
4607040
4607033
4607033
4607033
4607033
4607024
4607021
4607015
4607010
4607006
4607004
4606995
4606987
4606986
4606978
4606976
4606971
4606968
4606964
4606959
4606957
4606954
4606946
4606944
4606935
4606928
4606928
4606922
4606920
4606918
4606918
4606911
4606908
4606904
4606904
4606900
4606897
4606891
4606887
4606881
4606877
4606875
4606870
4606864
4606860
4606854
4606851
4606846
4606842
4606838
4606835
4606828
4606827
4606822
4606816
4606814
4606807
4606806
4606802
4606800
4606791
4606787
4606778
4606775
4606775
4606767
4606758
4606751
4606748
4606742
4606733
4606732
4606723
4606718
4606713
4606708
4606699
4606694
4606687
4606683
4606675
4606670
4606666
4606666
4606664
4606660
4606659
4606658
4606656
4606655
4606651
4606642
4606633
4606628
4606619
4606615
4606611
4606607
4606601
4606592
4606591
4606586
4606580
4606576
4606568
4606564
4606561
4606556
4606551
4606545
4606541
4606536
4606528
4606523
4606515
4606515
4606508
4606504
4606501
4606501
4606500
4606491
4606486
4606482
4606480
4606473
4606473
4606468
4606462
4606460
4606456
4606454
4606452
4606450
4606441
4606441
4606440
4606432
4606430
4606424
4606420
4606414
4606414
4606411
4606404
4606400
4606399
4606396
4606396
4606389
4606387
4606386
4606378
4606378
4606375
4606369
4606367
4606359
4606359
4606353
4606352
4606352
4606343
4606343
4606341
4606336
4606334
4606329
4606322
4606316
4606313
4606308
4606305
4606303
4606302
4606294
4606285
4606281
4606276
4606267
4606265
4606256
4606256
4606248
4606240
4606235
4606230
4606229
4606227
4606227
4606223
4606220
4606219
4606210
4606207
4606206
4606206
4606206
4606205
4606201
4606197
4606191
4606188
4606180
4606172
4606172
4606170
4606169
4606161
4606154
4606149
4606143
4606142
4606133
4606132
4606124
4606116
4606107
4606099
4606091
4606087
4606081
4606075
4606070
4606065
4606059
4606055
4606046
4606045
4606039
4606037
4606036
4606028
4606020
4606016
4606010
4606009
4606009
4606008
4606006
4606001
4605998
4605992
4605986
4605981
4605974
4605974
4605974
4605972
4605970
4605968
4605961
4605961
4605958
4605951
4605944
4605942
4605939
4605934
4605925
4605916
4605915
4605911
4605904
4605901
4605896
4605895
4605888
4605885
4605878
4605878
4605876
4605869
4605861
4605853
4605853
4605850
4605847
4605846
4605845
4605838
4605838
4605830
4605826
4605819
4605818
4605816
4605812
4605808
4605799
4605796
4605791
4605785
4605780
4605775
4605769
4605769
4605761
4605752
4605746
4605738
4605731
4605726
4605717
4605710
4605709
4605703
4605701
4605700
4605700
4605700
4605694
4605686
4605682
4605680
4605672
4605665
4605665
4605665
4605664
4605658
4605658
4605656
4605650
4605644
4605642
4605641
4605632
4605628
4605627
4605627
4605619
4605615
4605615
4605611
4605603
4605599
4605594
4605589
4605580
4605578
4605573
4605568
4605559
4605556
4605553
4605545
4605536
4605534
4605532
4605526
4605526
4605523
4605517
4605515
4605507
4605500
4605494
4605494
4605491
4605487
4605478
4605477
4605468
4605461
4605460
4605458
4605455
4605447
4605442
4605436
4605429
4605425
4605417
4605409
4605403
4605396
4605389
4605382
4605374
4605367
4605363
4605357
4605353
4605348
4605343
4605341
4605339
4605339
4605332
4605328
4605325
4605323
4605320
4605312
4605306
4605304
4605303
4605298
4605297
4605296
4605289
4605289
4605284
4605277
4605272
4605269
4605265
4605264
4605264
4605256
4605255
4605249
4605246
4605245
4605238
4605233
4605224
4605220
4605216
4605208
4605203
4605199
4605192
4605187
4605179
4605174
4605170
4605165
4605163
4605161
4605160
4605154
4605145
4605137
4605134
4605132
4605126
4605120
4605112
4605109
4605108
4605107
4605099
4605092
4605085
4605084
4605084
4605078
4605078
4605075
4605072
4605071
4605070
4605066
4605057
4605055
4605050
4605043
4605034
4605034
4605032
4605028
4605028
4605026
4605017
4605013
4605010
4605001
4604993
4604993
4604988
4604982
4604981
4604972
4604967
4604960
4604954
4604948
4604940
4604936
4604932
4604928
4604924
4604918
4604914
4604910
4604910
4604902
4604895
4604886
4604885
4604885
4604880
4604874
4604865
4604859
4604859
4604856
4604849
4604841
4604841
4604837
4604828
4604827
4604819
4604816
4604816
4604810
4604807
4604807
4604801
4604799
4604796
4604793
4604788
4604784
4604775
4604773
4604764
4604759
4604750
4604741
4604736
4604733
4604727
4604718
4604711
4604704
4604695
4604695
4604691
4604682
4604676
4604673
4604670
4604668
4604661
4604653
4604644
4604644
4604635
4604629
4604621
4604620
4604615
4604614
4604608
4604604
4604601
4604593
4604590
4604587
4604581
4604574
4604566
4604565
4604561
4604556
4604555
4604546
4604537
4604533
4604532
4604532
4604528
4604523
4604515
4604511
4604510
4604503
4604501
4604494
4604490
4604482
4604473
4604467
4604464
4604462
4604457
4604451
4604450
4604446
4604441
4604441
4604435
4604434
4604432
4604425
4604416
4604407
4604401
4604392
4604389
4604387
4604383
4604377
4604372
4604365
4604362
4604360
4604356
4604349
4604343
4604339
4604337
4604333
4604329
4604322
4604313
4604313
4604311
4604303
4604298
4604295
4604286
4604286
4604285
4604279
4604270
4604269
4604268
4604261
4604254
4604248
4604245
4604243
4604234
4604228
4604226
4604221
4604213
4604209
4604201
4604201
4604198
4604197
4604190
4604184
4604184
4604175
4604173
4604170
4604167
4604159
4604153
4604152
4604143
4604137
4604128
4604119
4604116
4604115
4604114
4604107
4604101
4604101
4604092
4604083
4604074
4604074
4604073
4604068
4604065
4604058
4604052
4604047
4604043
4604035
4604029
4604025
4604019
4604018
4604017
4604014
4604010
4604009
4604003
4604001
4604001
4604000
4603995
4603995
4603988
4603982
4603974
4603966
4603965
4603963
4603954
4603954
4603945
4603937
4603935
4603930
4603923
4603921
4603918
4603909
4603900
4603900
4603896
4603891
4603882
4603877
4603873
4603864
4603864
4603857
4603856
4603856
4603856
4603855
4603851
4603850
4603845
4603841
4603837
4603836
4603827
4603820
4603812
4603812
4603803
4603801
4603796
4603787
4603781
4603775
4603766
4603757
4603750
4603749
4603740
4603739
4603739
4603737
4603734
4603727
4603727
4603721
4603717
4603714
4603706
4603703
4603696
4603692
4603684
4603675
4603674
4603670
4603668
4603667
4603662
4603660
4603651
4603647
4603640
4603635
4603635
4603632
4603627
4603625
4603619
4603614
4603609
4603606
4603606
4603600
4603599
4603593
4603585
4603582
4603575
4603573
4603569
4603564
4603559
4603557
4603557
4603556
4603551
4603549
4603546
4603537
4603532
4603527
4603524
4603523
4603518
4603510
4603505
4603498
4603490
4603484
4603477
4603468
4603463
4603459
4603457
4603451
4603450
4603447
4603438
4603432
4603423
4603418
4603417
4603413
4603410
4603408
4603408
4603399
4603394
4603385
4603384
4603378
4603376
4603373
4603373
4603370
4603367
4603359
4603354
4603352
4603352
4603346
4603345
4603336
4603336
4603335
4603332
4603330
4603328
4603323
4603319
4603314
4603310
4603302
4603301
4603298
4603292
4603292
4603288
4603284
4603280
4603280
4603276
4603276
4603272
4603265
4603265
4603265
4603264
4603259
4603250
4603247
4603242
4603242
4603236
4603231
4603231
4603226
4603226
4603218
4603214
4603213
4603210
4603209
4603209
4603206
4603201
4603198
4603195
4603191
4603189
4603186
4603180
4603171
4603162
4603160
4603158
4603152
4603148
4603143
4603135
4603127
4603120
4603118
4603110
4603110
4603103
4603099
4603090
4603090
4603090
4603084
4603083
4603082
4603081
4603073
4603065
4603065
4603061
4603058
4603054
4603045
4603041
4603039
4603032
4603025
4603021
4603018
4603009
4603007
4602999
4602999
4602996
4602992
4602989
4602988
4602982
4602974
4602965
4602957
4602954
4602947
4602945
4602942
4602936
4602932
4602932
4602932
4602925
4602917
4602914
4602911
4602907
4602900
4602892
4602888
4602884
4602881
4602877
4602874
4602872
4602865
4602858
4602857
4602851
4602846
4602838
4602837
4602836
4602834
4602832
4602831
4602828
4602824
4602824
4602824
4602818
4602815
4602811
4602811
4602810
4602801
4602793
4602784
4602782
4602778
4602770
4602762
4602754
4602753
4602749
4602746
4602743
4602743
4602734
4602731
4602722
4602716
4602716
4602710
4602709
4602702
4602698
4602696
4602696
4602687
4602682
4602676
4602673
4602670
4602665
4602665
4602665
4602656
4602649
4602647
4602647
4602639
4602637
4602637
4602634
4602633
4602630
4602628
4602620
4602619
4602611
4602607
4602599
4602594
4602590
4602590
4602587
4602584
4602575
4602566
4602560
4602555
4602548
4602545
4602542
4602539
4602536
4602530
4602527
4602527
4602521
4602512
4602510
4602508
4602508
4602508
4602505
4602499
4602491
4602482
4602474
4602465
4602463
4602455
4602447
4602439
4602435
4602432
4602426
4602421
4602414
4602406
4602405
4602402
4602401
4602398
4602396
4602389
4602389
4602385
4602383
4602381
4602374
4602371
4602368
4602364
4602358
4602350
4602348
4602344
4602340
4602332
4602328
4602323
4602316
4602310
4602302
4602298
4602295
4602287
4602282
4602282
4602279
4602277
4602275
4602272
4602267
4602262
4602262
4602256
4602256
4602253
4602249
4602241
4602234
4602227
4602219
4602214
4602212
4602206
4602205
4602196
4602196
4602191
4602187
4602178
4602173
4602167
4602167
4602164
4602159
4602157
4602149
4602147
4602147
4602146
4602139
4602133
4602127
4602126
4602121
4602118
4602109
4602101
4602100
4602094
4602085
4602084
4602080
4602078
4602074
4602073
4602066
4602063
4602055
4602055
4602055
4602049
4602047
4602043
4602041
4602035
4602026
4602020
4602019
4602013
4602005
4601996
4601990
4601986
4601983
4601974
4601972
4601971
4601970
4601968
4601965
4601961
4601959
4601959
4601950
4601942
4601939
4601931
4601929
4601921
4601917
4601915
4601906
4601904
4601898
4601897
4601897
4601889
4601885
4601879
4601872
4601865
4601861
4601855
4601846
4601839
4601838
4601829
4601822
4601813
4601811
4601810
4601807
4601803
4601802
4601797
4601790
4601783
4601774
4601771
4601767
4601763
4601758
4601751
4601743
4601740
4601733
4601726
4601717
4601709
4601706
4601697
4601688
4601680
4601675
4601667
4601665
4601657
4601649
4601644
4601639
4601638
4601634
4601628
4601624
4601622
4601619
4601615
4601606
4601606
4601601
4601593
4601584
4601575
4601570
4601567
4601563
4601554
4601551
4601545
4601539
4601530
4601523
4601520
4601518
4601514
4601509
4601507
4601498
4601489
4601487
4601486
4601477
4601477
4601470
4601468
4601460
4601452
4601448
4601446
4601438
4601435
4601434
4601425
4601425
4601425
4601423
4601416
4601415
4601413
4601411
4601408
4601401
4601394
4601387
4601384
4601382
4601382
4601373
4601366
4601364
4601364
4601355
4601348
4601347
4601340
4601335
4601334
4601329
4601328
4601321
4601319
4601313
4601309
4601309
4601301
4601301
4601294
4601293
4601285
4601284
4601277
4601268
4601268
4601264
4601255
4601247
4601245
4601238
4601231
4601228
4601225
4601220
4601219
4601218
4601211
4601209
4601206
4601206
4601203
4601201
4601194
4601188
4601188
4601187
4601179
4601171
4601171
4601170
4601162
4601154
4601151
4601142
4601138
4601136
4601135
4601127
4601124
4601117
4601109
4601103
4601102
4601099
4601091
4601087
4601087
4601084
4601075
4601072
4601069
4601066
4601058
4601049
4601043
4601036
4601032
4601026
4601026
4601024
4601021
4601019
4601011
4601011
4601008
4601000
4600998
4600994
4600992
4600986
4600981
4600980
4600971
4600967
4600960
4600953
4600945
4600936
4600928
4600928
4600921
4600913
4600912
4600904
4600900
4600895
4600889
4600884
4600877
4600873
4600867
4600858
4600854
4600845
4600841
4600839
4600831
4600827
4600823
4600822
4600814
4600814
4600811
4600802
4600799
4600794
4600790
4600783
4600780
4600776
4600770
4600765
4600762
4600761
4600759
4600753
4600753
4600745
4600744
4600736
4600727
4600724
4600721
4600720
4600713
4600711
4600703
4600696
4600696
4600691
4600682
4600678
4600673
4600669
4600665
4600661
4600653
4600648
4600640
4600638
4600634
4600634
4600632
4600629
4600626
4600619
4600611
4600607
4600606
4600602
4600600
4600600
4600591
4600587
4600581
4600575
4600575
4600573
4600564
4600562
4600560
4600559
4600551
4600544
4600541
4600540
4600536
4600534
4600532
4600527
4600519
4600515
4600511
4600506
4600501
4600500
4600496
4600491
4600486
4600482
4600481
4600477
4600474
4600474
4600465
4600461
4600457
4600457
4600450
4600447
4600442
4600438
4600430
4600426
4600425
4600425
4600416
4600413
4600409
4600405
4600400
4600394
4600392
4600386
4600378
4600377
4600374
4600367
4600364
4600357
4600356
4600347
4600346
4600346
4600344
4600335
4600326
4600325
4600325
4600320
4600316
4600308
4600302
4600294
4600286
4600286
4600281
4600280
4600273
4600271
4600270
4600266
4600265
4600257
4600249
4600246
4600242
4600235
4600226
4600220
4600216
4600211
4600209
4600203
4600197
4600196
4600191
4600191
4600187
4600178
4600171
4600170
4600164
4600157
4600154
4600145
4600141
4600137
4600132
4600131
4600124
4600123
4600117
4600116
4600108
4600102
4600101
4600096
4600094
4600092
4600085
4600079
4600071
4600063
4600054
4600045
4600038
4600030
4600022
4600018
4600013
4600010
4600003
4599995
4599987
4599987
4599985
4599981
4599978
4599969
4599961
4599956
4599948
4599945
4599941
4599940
4599933
4599932
4599924
4599919
4599915
4599915
4599909
4599904
4599899
4599890
4599886
4599884
4599882
4599879
4599876
4599871
4599867
4599859
4599850
4599841
4599841
4599833
4599825
4599817
4599815
4599808
4599803
4599794
4599788
4599784
4599775
4599772
4599766
4599757
4599752
4599751
4599750
4599743
4599738
4599734
4599732
4599729
4599729
4599720
4599715
4599711
4599708
4599701
4599701
4599701
4599701
4599692
4599684
4599684
4599682
4599682
4599674
4599666
4599662
4599659
4599654
4599654
4599650
4599642
4599637
4599635
4599627
4599620
4599616
4599615
4599607
4599602
4599594
4599590
4599588
4599582
4599578
4599575
4599567
4599564
4599564
4599560
4599553
4599549
4599547
4599539
4599538
4599533
4599526
4599522
4599520
4599512
4599510
4599504
4599497
4599496
4599489
4599484
4599481
4599474
4599468
4599461
4599460
4599454
4599446
4599442
4599436
4599436
4599428
4599427
4599425
4599418
4599412
4599411
4599406
4599403
4599399
4599395
4599391
4599391
4599383
4599378
4599370
4599363
4599360
4599352
4599352
4599346
4599341
4599338
4599329
4599327
4599324
4599322
4599321
4599321
4599317
4599313
4599312
4599312
4599311
4599308
4599301
4599300
4599299
4599294
4599288
4599287
4599286
4599285
4599276
4599275
4599271
4599264
4599257
4599255
4599253
4599250
4599243
4599238
4599233
4599227
4599220
4599220
4599219
4599213
4599205
4599197
4599196
4599191
4599190
4599184
4599177
4599170
4599169
4599163
4599155
4599153
4599152
4599148
4599143
4599134
4599131
4599130
4599127
4599118
4599118
4599112
4599112
4599111
4599102
4599097
4599093
4599086
4599079
4599075
4599069
4599064
4599058
4599055
4599055
4599046
4599038
4599038
4599033
4599028
4599019
4599013
4599013
4599006
4599005
4598996
4598993
4598992
4598992
4598990
4598984
4598981
4598972
4598968
4598961
4598957
4598951
4598950
4598947
4598944
4598939
4598939
4598930
4598930
4598923
4598917
4598910
4598908
4598899
4598899
4598890
4598881
4598878
4598878
4598874
4598871
4598864
4598858
4598853
4598846
4598846
4598842
4598834
4598828
4598821
4598815
4598808
4598807
4598807
4598802
4598797
4598789
4598783
4598774
4598772
4598772
4598767
4598759
4598758
4598758
4598755
4598754
4598745
4598743
4598734
4598734
4598730
4598726
4598722
4598715
4598710
4598703
4598702
4598700
4598699
4598696
4598692
4598691
4598684
4598678
4598677
4598676
4598669
4598663
4598657
4598652
4598647
4598638
4598634
4598634
4598627
4598622
4598616
4598613
4598609
4598608
4598599
4598595
4598587
4598582
4598580
4598574
4598566
4598560
4598552
4598544
4598536
4598528
4598522
4598513
4598504
4598502
4598493
4598489
4598486
4598478
4598477
4598477
4598474
4598473
4598469
4598469
4598467
4598460
4598459
4598455
4598455
4598451
4598450
4598441
4598436
4598431
4598425
4598424
4598418
4598409
4598402
4598394
4598394
4598390
4598381
4598380
4598377
4598375
4598366
4598359
4598350
4598345
4598343
4598341
4598333
4598325
4598321
4598312
4598306
4598305
4598300
4598297
4598296
4598295
4598287
4598282
4598280
4598274
4598266
4598258
4598251
4598249
4598244
4598241
4598240
4598234
4598225
4598224
4598215
4598209
4598202
4598201
4598199
4598192
4598189
4598182
4598180
4598179
4598175
4598166
4598157
4598149
4598142
4598138
4598136
4598127
4598121
4598117
4598109
4598103
4598095
4598088
4598081
4598072
4598065
4598063
4598061
4598061
4598058
4598050
4598049
4598043
4598036
4598032
4598023
4598017
4598008
4598005
4597996
4597987
4597983
4597978
4597970
4597970
4597962
4597962
4597955
4597948
4597941
4597940
4597936
4597936
4597928
4597928
4597924
4597919
4597917
4597911
4597903
4597897
4597896
4597888
4597880
4597880
4597873
4597872
4597871
4597868
4597860
4597856
4597850
4597844
4597837
4597836
4597836
4597831
4597830
4597821
4597819
4597810
4597805
4597800
4597794
4597787
4597781
4597774
4597773
4597769
4597764
4597758
4597758
4597755
4597751
4597750
4597743
4597736
4597731
4597729
4597728
4597721
4597716
4597716
4597715
4597709
4597703
4597703
4597701
4597692
4597690
4597689
4597686
4597677
4597675
4597667
4597667
4597658
4597651
4597651
4597646
4597646
4597640
4597637
4597631
4597627
4597626
4597625
4597619
4597615
4597614
4597606
4597597
4597592
4597589
4597584
4597580
4597578
4597569
4597563
4597562
4597560
4597552
4597552
4597545
4597540
4597535
4597527
4597520
4597512
4597507
4597502
4597502
4597496
4597494
4597494
4597485
4597482
4597474
4597472
4597467
4597460
4597455
4597450
4597448
4597445
4597443
4597437
4597435
4597427
4597422
4597418
4597409
4597409
4597403
4597399
4597398
4597390
4597390
4597390
4597387
4597386
4597377
4597369
4597361
4597354
4597345
4597342
4597334
4597330
4597330
4597322
4597316
4597308
4597302
4597298
4597297
4597292
4597291
4597287
4597286
4597282
4597280
4597278
4597271
4597267
4597266
4597261
4597257
4597254
4597251
4597243
4597237
4597232
4597232
4597223
4597214
4597213
4597208
4597200
4597195
4597189
4597182
4597173
4597168
4597159
4597155
4597153
4597147
4597147
4597140
4597139
4597135
4597134
4597133
4597132
4597128
4597123
4597123
4597122
4597118
4597112
4597108
4597106
4597102
4597099
4597097
4597090
4597089
4597089
4597088
4597088
4597087
4597079
4597078
4597069
4597062
4597057
4597050
4597046
4597041
4597032
4597027
4597025
4597018
4597016
4597014
4597012
4597012
4597009
4597005
4597003
4597003
4596996
4596991
4596984
4596984
4596977
4596975
4596971
4596964
4596961
4596952
4596949
4596945
4596945
4596943
4596935
4596932
4596923
4596919
4596912
4596911
4596910
4596906
4596904
4596904
4596901
4596897
4596895
4596889
4596883
4596878
4596877
4596874
4596871
4596867
4596860
4596855
4596854
4596845
4596844
4596839
4596833
4596827
4596818
4596811
4596808
4596806
4596801
4596793
4596792
4596786
4596782
4596780
4596776
4596771
4596764
4596762
4596762
4596758
4596752
4596743
4596737
4596731
4596731
4596726
4596721
4596718
4596713
4596709
4596701
4596697
4596697
4596696
4596687
4596678
4596673
4596664
4596656
4596650
4596642
4596638
4596636
4596631
4596627
4596627
4596625
4596618
4596616
4596616
4596614
4596614
4596611
4596610
4596609
4596609
4596601
4596595
4596590
4596585
4596576
4596571
4596566
4596566
4596564
4596560
4596558
4596558
4596551
4596550
4596549
4596545
4596545
4596536
4596530
4596526
4596526
4596523
4596517
4596515
4596508
4596505
4596499
4596495
4596491
4596488
4596485
4596482
4596477
4596475
4596468
4596468
4596466
4596459
4596457
4596451
4596446
4596438
4596437
4596432
4596428
4596420
4596412
4596407
4596406
4596397
4596388
4596385
4596384
4596375
4596370
4596363
4596357
4596351
4596345
4596338
4596334
4596330
4596329
4596328
4596320
4596319
4596310
4596310
4596310
4596301
4596300
4596299
4596298
4596296
4596290
4596281
4596274
4596272
4596270
4596262
4596262
4596257
4596251
4596250
4596250
4596244
4596241
4596234
4596225
4596223
4596215
4596206
4596204
4596198
4596191
4596188
4596185
4596185
4596179
4596177
4596177
4596172
4596172
4596165
4596163
4596157
4596148
4596144
4596143
4596139
4596131
4596129
4596122
4596122
4596121
4596117
4596109
4596103
4596099
4596094
4596086
4596078
4596071
4596066
4596060
4596054
4596050
4596045
4596036
4596036
4596029
4596027
4596026
4596020
4596015
4596014
4596006
4595998
4595998
4595990
4595987
4595981
4595973
4595965
4595960
4595959
4595952
4595951
4595942
4595939
4595936
4595934
4595933
4595933
4595924
4595923
4595918
4595917
4595912
4595904
4595895
4595890
4595890
4595884
4595884
4595881
4595879
4595873
4595868
4595861
4595856
4595847
4595839
4595834
4595827
4595823
4595820
4595820
4595820
4595819
4595819
4595816
4595809
4595803
4595797
4595789
4595789
4595786
4595777
4595777
4595771
4595766
4595759
4595757
4595748
4595740
4595732
4595730
4595726
4595719
4595710
4595709
4595709
4595704
4595697
4595695
4595691
4595682
4595681
4595672
4595668
4595666
4595665
4595661
4595659
4595657
4595650
4595649
4595648
4595643
4595642
4595633
4595629
4595625
4595621
4595615
4595610
4595610
4595602
4595600
4595596
4595591
4595589
4595581
4595574
4595570
4595561
4595560
4595557
4595557
4595550
4595544
4595540
4595538
4595531
4595525
4595516
4595509
4595509
4595502
4595499
4595491
4595484
4595484
4595483
4595479
4595476
4595468
4595460
4595452
4595447
4595439
4595438
4595430
4595422
4595414
4595409
4595400
4595397
4595388
4595388
4595386
4595377
4595370
4595365
4595359
4595357
4595354
4595347
4595340
4595339
4595334
4595330
4595322
4595314
4595311
4595310
4595304
4595296
4595294
4595294
4595286
4595284
4595276
4595269
4595264
4595263
4595258
4595252
4595244
4595240
4595233
4595233
4595233
4595232
4595223
4595220
4595216
4595207
4595199
4595199
4595192
4595184
4595179
4595179
4595177
4595170
4595161
4595157
4595154
4595147
4595141
4595133
4595126
4595120
4595119
4595111
4595104
4595101
4595093
4595085
4595078
4595077
4595077
4595077
4595069
4595064
4595057
4595055
4595049
4595044
4595042
4595034
4595029
4595024
4595017
4595016
4595009
4595008
4595002
4595002
4594998
4594992
4594990
4594989
4594980
4594976
4594972
4594970
4594969
4594964
4594962
4594958
4594958
4594949
4594949
4594945
4594936
4594933
4594930
4594929
4594929
4594926
4594919
4594917
4594909
4594908
4594904
4594902
4594896
4594892
4594890
4594881
4594881
4594880
4594871
4594868
4594864
4594859
4594853
4594847
4594839
4594831
4594831
4594827
4594822
4594817
4594817
4594808
4594806
4594801
4594798
4594796
4594790
4594786
4594786
4594779
4594773
4594773
4594767
4594759
4594752
4594744
4594738
4594736
4594734
4594731
4594724
4594716
4594716
4594713
4594706
4594703
4594695
4594689
4594681
4594681
4594678
4594673
4594664
4594662
4594660
4594657
4594650
4594642
4594640
4594631
4594624
4594623
4594616
4594611
4594608
4594603
4594602
4594596
4594589
4594583
4594575
4594572
4594570
4594565
4594560
4594557
4594551
4594543
4594537
4594531
4594531
4594525
4594525
4594523
4594522
4594521
4594515
4594507
4594502
4594501
4594501
4594500
4594493
4594488
4594488
4594482
4594479
4594474
4594468
4594465
4594465
4594459
4594452
4594447
4594444
4594440
4594432
4594425
4594417
4594412
4594411
4594409
4594409
4594401
4594393
4594393
4594386
4594386
4594384
4594381
4594377
4594372
4594363
4594362
4594361
4594355
4594346
4594346
4594344
4594339
4594331
4594329
4594323
4594323
4594321
4594321
4594313
4594311
4594304
4594297
4594294
4594292
4594284
4594278
4594269
4594261
4594256
4594250
4594248
4594240
4594231
4594225
4594217
4594212
4594211
4594209
4594209
4594207
4594198
4594191
4594184
4594182
4594175
4594173
4594172
4594166
4594158
4594156
4594149
4594149
4594149
4594149
4594149
4594148
4594146
4594146
4594142
4594139
4594134
4594130
4594124
4594118
4594111
4594109
4594106
4594098
4594098
4594095
4594087
4594082
4594078
4594075
4594072
4594066
4594059
4594056
4594053
4594048
4594042
4594038
4594031
4594029
4594022
4594020
4594018
4594018
4594013
4594005
4594001
4594000
4593994
4593991
4593987
4593985
4593977
4593968
4593966
4593964
4593962
4593957
4593949
4593941
4593938
4593938
4593930
4593927
4593918
4593909
4593908
4593903
4593903
4593895
4593887
4593881
4593881
4593880
4593871
4593868
4593860
4593859
4593852
4593850
4593849
4593849
4593840
4593832
4593824
4593822
4593819
4593810
4593809
4593802
4593795
4593791
4593788
4593785
4593781
4593778
4593771
4593766
4593762
4593753
4593746
4593739
4593737
4593733
4593725
4593725
4593719
4593712
4593706
4593705
4593700
4593695
4593689
4593683
4593678
4593669
4593666
4593663
4593657
4593649
4593643
4593641
4593638
4593629
4593627
4593620
4593617
4593608
4593607
4593599
4593598
4593592
4593590
4593581
4593575
4593566
4593561
4593561
4593561
4593556
4593552
4593547
4593539
4593535
4593534
4593528
4593519
4593511
4593505
4593502
4593498
4593489
4593480
4593472
4593465
4593464
4593459
4593457
4593454
4593450
4593449
4593448
4593447
4593445
4593445
4593445
4593443
4593436
4593429
4593427
4593422
4593417
4593410
4593401
4593400
4593391
4593391
4593382
4593380
4593378
4593373
4593371
4593363
4593355
4593353
4593349
4593343
4593338
4593335
4593327
4593320
4593320
4593313
4593305
4593303
4593295
4593293
4593289
4593289
4593281
4593281
4593276
4593272
4593267
4593266
4593264
4593260
4593259
4593258
4593258
4593255
4593254
4593247
4593243
4593242
4593240
4593231
4593225
4593216
4593210
4593201
4593201
4593198
4593189
4593187
4593179
4593174
4593172
4593172
4593167
4593163
4593157
4593151
4593147
4593147
4593141
4593134
4593132
4593129
4593126
4593125
4593125
4593125
4593124
4593115
4593112
4593107
4593101
4593093
4593091
4593083
4593078
4593074
4593067
4593060
4593060
4593054
4593054
4593049
4593048
4593039
4593030
4593029
4593026
4593024
4593020
4593018
4593013
4593006
4593002
4592999
4592994
4592992
4592988
4592986
4592981
4592978
4592973
4592970
4592962
4592962
4592955
4592952
4592948
4592941
4592932
4592926
4592917
4592910
4592901
4592901
4592896
4592894
4592888
4592886
4592877
4592874
4592866
4592860
4592857
4592856
4592848
4592846
4592845
4592843
4592834
4592832
4592832
4592832
4592828
4592821
4592813
4592808
4592803
4592802
4592797
4592795
4592790
4592782
4592774
4592765
4592764
4592755
4592746
4592744
4592736
4592736
4592735
4592726
4592721
4592717
4592709
4592708
4592704
4592696
4592690
4592681
4592679
4592679
4592672
4592668
4592666
4592658
4592649
4592648
4592640
4592632
4592625
4592617
4592613
4592608
4592600
4592598
4592598
4592593
4592587
4592585
4592578
4592569
4592562
4592558
4592549
4592546
4592540
4592531
4592525
4592519
4592516
4592513
4592508
4592499
4592491
4592484
4592477
4592469
4592466
4592458
4592455
4592447
4592446
4592444
4592436
4592436
4592432
4592428
4592421
4592419
4592415
4592407
4592406
4592404
4592395
4592391
4592384
4592375
4592373
4592367
4592358
4592354
4592348
4592347
4592338
4592335
4592326
4592325
4592318
4592309
4592309
4592305
4592298
4592297
4592291
4592284
4592282
4592276
4592270
4592261
4592256
4592252
4592248
4592245
4592243
4592235
4592231
4592231
4592226
4592224
4592219
4592211
4592210
4592208
4592201
4592196
4592190
4592185
4592178
4592176
4592175
4592171
4592168
4592160
4592151
4592149
4592149
4592141
4592133
4592129
4592125
4592117
4592114
4592112
4592110
4592106
4592098
4592093
4592091
4592083
4592081
4592079
4592070
4592068
4592059
4592058
4592049
4592044
4592039
4592034
4592033
4592024
4592015
4592010
4592007
4592005
4591999
4591991
4591984
4591981
4591972
4591968
4591961
4591954
4591954
4591946
4591944
4591936
4591932
4591923
4591922
4591921
4591921
4591912
4591912
4591905
4591903
4591898
4591898
4591895
4591891
4591890
4591885
4591881
4591873
4591867
4591859
4591859
4591852
4591844
4591844
4591843
4591836
4591827
4591818
4591816
4591816
4591807
4591800
4591792
4591792
4591792
4591790
4591781
4591779
4591774
4591767
4591759
4591751
4591749
4591743
4591734
4591734
4591731
4591730
4591722
4591714
4591713
4591713
4591705
4591700
4591696
4591692
4591687
4591678
4591672
4591669
4591665
4591658
4591651
4591649
4591647
4591644
4591638
4591638
4591630
4591627
4591627
4591622
4591613
4591609
4591605
4591605
4591597
4591593
4591591
4591585
4591583
4591583
4591574
4591572
4591564
4591564
4591561
4591558
4591554
4591553
4591546
4591546
4591545
4591543
4591537
4591535
4591532
4591531
4591527
4591525
4591524
4591518
4591514
4591506
4591505
4591496
4591496
4591491
4591486
4591479
4591472
4591463
4591462
4591460
4591460
4591452
4591444
4591441
4591437
4591434
4591431
4591430
4591423
4591419
4591414
4591410
4591409
4591400
4591394
4591387
4591380
4591373
4591371
4591366
4591361
4591358
4591354
4591349
4591343
4591334
4591326
4591320
4591317
4591315
4591313
4591310
4591306
4591303
4591300
4591292
4591289
4591280
4591271
4591266
4591261
4591254
4591248
4591248
4591243
4591242
4591236
4591231
4591224
4591215
4591213
4591205
4591204
4591203
4591199
4591193
4591187
4591181
4591174
4591174
4591172
4591170
4591161
4591159
4591155
4591151
4591144
4591136
4591129
4591123
4591119
4591112
4591108
4591099
4591097
4591091
4591091
4591090
4591086
4591077
4591074
4591066
4591065
4591061
4591059
4591055
4591048
4591044
4591037
4591037
4591035
4591027
4591023
4591017
4591008
4591003
4590999
4590993
4590989
4590983
4590976
4590968
4590961
4590954
4590946
4590943
4590936
4590931
4590926
4590918
4590915
4590908
4590902
4590896
4590889
4590881
4590877
4590873
4590873
4590870
4590865
4590859
4590855
4590846
4590842
4590836
4590831
4590823
4590822
4590816
4590812
4590806
4590800
4590798
4590795
4590792
4590783
4590778
4590773
4590770
4590763
4590756
4590752
4590752
4590743
4590740
4590738
4590736
4590727
4590721
4590720
4590718
4590718
4590711
4590708
4590708
4590704
4590704
4590704
4590699
4590696
4590687
4590680
4590679
4590671
4590662
4590653
4590648
4590639
4590636
4590635
4590634
4590634
4590632
4590629
4590626
4590626
4590622
4590619
4590611
4590604
4590599
4590599
4590597
4590590
4590583
4590579
4590571
4590565
4590562
4590557
4590551
4590547
4590545
4590545
4590540
4590537
4590528
4590528
4590528
4590521
4590518
4590515
4590510
4590509
4590502
4590499
4590497
4590490
4590489
4590487
4590482
4590473
4590468
4590468
4590459
4590457
4590456
4590447
4590447
4590445
4590441
4590433
4590430
4590424
4590424
4590419
4590413
4590410
4590410
4590404
4590396
4590388
4590383
4590378
4590376
4590369
4590364
4590357
4590352
4590346
4590338
4590330
4590322
4590317
4590312
4590306
4590304
4590297
4590296
4590288
4590281
4590278
4590277
4590277
4590275
4590266
4590266
4590266
4590257
4590248
4590241
4590235
4590235
4590228
4590227
4590218
4590209
4590200
4590193
4590188
4590181
4590179
4590171
4590169
4590163
4590162
4590156
4590154
4590154
4590153
4590148
4590146
4590142
4590140
4590137
4590133
4590132
4590128
4590120
4590119
4590114
4590113
4590108
4590099
4590091
4590085
4590085
4590082
4590073
4590073
4590070
4590062
4590061
4590060
4590052
4590051
4590046
4590040
4590034
4590028
4590019
4590011
4590005
4589997
4589992
4589990
4589982
4589981
4589975
4589972
4589967
4589963
4589954
4589945
4589945
4589939
4589935
4589929
4589923
4589919
4589916
4589910
4589909
4589905
4589898
4589889
4589887
4589880
4589874
4589873
4589868
4589866
4589858
4589858
4589856
4589848
4589839
4589832
4589829
4589825
4589821
4589812
4589811
4589805
4589805
4589805
4589798
4589790
4589785
4589785
4589776
4589772
4589770
4589765
4589763
4589762
4589760
4589751
4589747
4589738
4589735
4589727
4589725
4589720
4589719
4589718
4589715
4589712
4589704
4589696
4589691
4589682
4589676
4589674
4589668
4589661
4589652
4589651
4589644
4589641
4589640
4589636
4589628
4589623
4589622
4589616
4589607
4589605
4589596
4589591
4589590
4589589
4589588
4589580
4589574
4589570
4589564
4589558
4589554
4589549
4589546
4589544
4589536
4589527
4589519
4589517
4589512
4589503
4589494
4589489
4589489
4589481
4589472
4589466
4589463
4589458
4589455
4589453
4589453
4589445
4589441
4589436
4589427
4589418
4589412
4589404
4589401
4589392
4589390
4589381
4589379
4589370
4589362
4589359
4589359
4589351
4589348
4589346
4589345
4589345
4589336
4589332
4589324
4589322
4589314
4589308
4589300
4589300
4589297
4589291
4589285
4589278
4589274
4589268
4589262
4589261
4589260
4589255
4589251
4589245
4589238
4589234
4589225
4589222
4589214
4589214
4589212
4589204
4589197
4589193
4589193
4589189
4589185
4589181
4589175
4589169
4589163
4589157
4589152
4589149
4589146
4589145
4589145
4589139
4589136
4589130
4589125
4589116
4589107
4589105
4589103
4589095
4589091
4589085
4589080
4589074
4589068
4589060
4589057
4589054
4589047
4589039
4589035
4589031
4589025
4589018
4589015
4589014
4589009
4589002
4589000
4588998
4588997
4588996
4588994
4588994
4588991
4588982
4588977
4588970
4588967
4588960
4588951
4588950
4588943
4588934
4588933
4588930
4588925
4588925
4588918
4588909
4588900
4588896
4588892
4588891
4588885
4588877
4588868
4588867
4588862
4588856
4588853
4588850
4588842
4588837
4588835
4588829
4588826
4588824
4588818
4588814
4588813
4588805
4588800
4588792
4588792
4588784
4588782
4588778
4588770
4588770
4588769
4588766
4588766
4588766
4588766
4588761
4588761
4588758
4588754
4588753
4588749
4588746
4588745
4588745
4588745
4588742
4588739
4588738
4588735
4588734
4588728
4588722
4588719
4588713
4588710
4588706
4588697
4588692
4588686
4588685
4588683
4588677
4588674
4588673
4588673
4588664
4588658
4588653
4588652
4588645
4588644
4588644
4588644
4588641
4588633
4588632
4588627
4588621
4588617
4588613
4588613
4588613
4588611
4588604
4588597
4588596
4588596
4588587
4588581
4588575
4588572
4588569
4588567
4588561
4588557
4588551
4588544
4588542
4588541
4588541
4588540
4588540
4588535
4588526
4588519
4588516
4588514
4588513
4588506
4588505
4588502
4588495
4588493
4588484
4588484
4588476
4588473
4588468
4588462
4588460
4588455
4588454
4588445
4588443
4588436
4588433
4588428
4588421
4588412
4588405
4588403
4588397
4588394
4588387
4588380
4588379
4588375
4588375
4588366
4588366
4588365
4588357
4588356
4588351
4588350
4588345
4588344
4588335
4588329
4588323
4588316
4588312
4588303
4588297
4588292
4588290
4588286
4588279
4588275
4588271
4588263
4588257
4588248
4588248
4588241
4588236
4588235
4588228
4588220
4588212
4588212
4588206
4588197
4588190
4588185
4588180
4588177
4588176
4588171
4588166
4588159
4588152
4588150
4588148
4588140
4588134
4588134
4588125
4588121
4588121
4588113
4588113
4588111
4588102
4588094
4588093
4588085
4588083
4588076
4588072
4588065
4588058
4588056
4588051
4588048
4588044
4588035
4588027
4588025
4588023
4588023
4588021
4588012
4588007
4588005
4588004
4587997
4587992
4587990
4587989
4587985
4587978
4587973
4587965
4587964
4587956
4587954
4587949
4587947
4587944
4587938
4587930
4587928
4587919
4587916
4587907
4587899
4587890
4587881
4587880
4587872
4587870
4587865
4587860
4587859
4587850
4587842
4587840
4587834
4587828
4587823
4587815
4587809
4587806
4587797
4587792
4587791
4587791
4587788
4587780
4587780
4587773
4587770
4587770
4587768
4587767
4587767
4587761
4587752
4587751
4587751
4587745
4587741
4587733
4587728
4587719
4587713
4587710
4587710
4587704
4587703
4587698
4587694
4587694
4587687
4587686
4587680
4587672
4587664
4587664
4587663
4587654
4587649
4587646
4587639
4587636
4587633
4587624
4587623
4587616
4587611
4587610
4587601
4587595
4587587
4587578
4587574
4587566
4587560
4587560
4587554
4587549
4587540
4587540
4587539
4587535
4587534
4587525
4587523
4587517
4587508
4587507
4587499
4587492
4587492
4587485
4587483
4587482
4587478
4587471
4587469
4587465
4587460
4587460
4587460
4587455
4587450
4587443
4587435
4587428
4587422
4587415
4587414
4587408
4587404
4587404
4587402
4587396
4587391
4587385
4587380
4587378
4587376
4587367
4587365
4587357
4587349
4587349
4587341
4587332
4587323
4587315
4587309
4587302
4587296
4587288
4587282
4587275
4587266
4587264
4587262
4587253
4587252
4587246
4587244
4587236
4587229
4587224
4587222
4587222
4587213
4587210
4587202
4587200
4587200
4587198
4587194
4587191
4587184
4587183
4587175
4587172
4587164
4587164
4587161
4587153
4587146
4587140
4587131
4587123
4587121
4587115
4587109
4587109
4587105
4587103
4587098
4587095
4587090
4587085
4587085
4587079
4587073
4587065
4587061
4587058
4587051
4587051
4587044
4587036
4587035
4587029
4587022
4587021
4587019
4587018
4587012
4587007
4587006
4587005
4587002
4586998
4586995
4586986
4586983
4586981
4586974
4586966
4586960
4586954
4586952
4586952
4586946
4586944
4586939
4586933
4586933
4586925
4586923
4586921
4586915
4586906
4586899
4586891
4586882
4586879
4586876
4586872
4586864
4586859
4586856
4586856
4586852
4586846
4586842
4586840
4586837
4586831
4586824
4586824
4586817
4586814
4586806
4586799
4586793
4586792
4586791
4586791
4586783
4586781
4586778
4586777
4586773
4586764
4586761
4586755
4586747
4586746
4586744
4586737
4586735
4586729
4586720
4586713
4586709
4586707
4586705
4586699
4586695
4586688
4586686
4586681
4586675
4586669
4586664
4586656
4586647
4586644
4586640
4586631
4586629
4586629
4586624
4586622
4586621
4586613
4586606
4586602
4586593
4586585
4586580
4586580
4586575
4586569
4586561
4586553
4586550
4586543
4586541
4586532
4586531
4586530
4586523
4586521
4586516
4586511
4586508
4586505
4586502
4586496
4586496
4586495
4586487
4586485
4586476
4586469
4586462
4586454
4586454
4586453
4586448
4586446
4586442
4586436
4586436
4586427
4586425
4586424
4586419
4586419
4586415
4586413
4586409
4586402
4586393
4586390
4586387
4586387
4586379
4586376
4586371
4586365
4586361
4586355
4586350
4586349
4586342
4586336
4586333
4586324
4586320
4586312
4586312
4586308
4586301
4586294
4586291
4586282
4586282
4586278
4586278
4586273
4586271
4586263
4586255
4586248
4586241
4586232
4586223
4586215
4586213
4586209
4586203
4586195
4586188
4586187
4586181
4586181
4586172
4586171
4586170
4586161
4586159
4586150
4586143
4586142
4586137
4586130
4586122
4586116
4586116
4586112
4586108
4586103
4586101
4586097
4586097
4586093
4586093
4586084
4586082
4586079
4586078
4586074
4586065
4586061
4586054
4586050
4586044
4586038
4586035
4586027
4586020
4586019
4586017
4586010
4586003
4586003
4585997
4585989
4585982
4585979
4585974
4585970
4585968
4585965
4585958
4585956
4585950
4585944
4585942
4585939
4585931
4585929
4585926
4585920
4585915
4585914
4585914
4585911
4585911
4585903
4585898
4585896
4585892
4585886
4585877
4585868
4585864
4585862
4585861
4585858
4585852
4585846
4585837
4585837
4585835
4585827
4585819
4585817
4585815
4585807
4585800
4585794
4585789
4585783
4585776
4585772
4585769
4585767
4585766
4585760
4585756
4585750
4585743
4585739
4585737
4585737
4585732
4585730
4585730
4585729
4585723
4585721
4585720
4585717
4585715
4585706
4585697
4585690
4585690
4585686
4585678
4585673
4585669
4585666
4585657
4585657
4585649
4585647
4585647
4585643
4585636
4585627
4585625
4585616
4585611
4585611
4585606
4585606
4585601
4585595
4585595
4585593
4585586
4585583
4585583
4585582
4585575
4585574
4585574
4585573
4585565
4585558
4585549
4585542
4585541
4585533
4585532
4585529
4585529
4585522
4585513
4585513
4585512
4585512
4585512
4585504
4585499
4585493
4585484
4585482
4585474
4585467
4585466
4585466
4585464
4585455
4585453
4585450
4585444
4585435
4585426
4585419
4585411
4585404
4585395
4585389
4585385
4585377
4585369
4585368
4585364
4585357
4585352
4585350
4585341
4585332
4585323
4585321
4585316
4585308
4585304
4585299
4585294
4585285
4585284
4585276
4585274
4585272
4585269
4585260
4585253
4585245
4585243
4585242
4585240
4585236
4585236
4585235
4585233
4585225
4585224
4585223
4585221
4585217
4585217
4585208
4585204
4585195
4585195
4585193
4585191
4585183
4585175
4585170
4585165
4585156
4585153
4585144
4585135
4585127
4585126
4585122
4585118
4585109
4585105
4585103
4585095
4585092
4585086
4585084
4585083
4585080
4585072
4585066
4585061
4585060
4585059
4585058
4585058
4585051
4585051
4585045
4585036
4585035
4585034
4585029
4585024
4585019
4585011
4585006
4585002
4585000
4584997
4584989
4584986
4584983
4584979
4584974
4584971
4584965
4584958
4584949
4584949
4584949
4584940
4584939
4584932
4584930
4584921
4584915
4584907
4584899
4584894
4584889
4584889
4584884
4584884
4584876
4584870
4584865
4584859
4584858
4584858
4584852
4584851
4584842
4584841
4584835
4584827
4584818
4584809
4584804
4584801
4584801
4584792
4584783
4584775
4584766
4584763
4584762
4584761
4584761
4584757
4584756
4584753
4584751
4584743
4584739
4584737
4584736
4584731
4584723
4584718
4584716
4584711
4584711
4584708
4584702
4584698
4584696
4584689
4584682
4584681
4584674
4584665
4584656
4584650
4584644
4584637
4584634
4584625
4584625
4584616
4584616
4584607
4584599
4584596
4584590
4584589
4584588
4584588
4584587
4584586
4584577
4584573
4584570
4584563
4584562
4584562
4584561
4584557
4584551
4584543
4584538
4584531
4584525
4584520
4584518
4584516
4584508
4584504
4584495
4584486
4584479
4584470
4584470
4584466
4584461
4584459
4584453
4584446
4584446
4584445
4584443
4584437
4584436
4584428
4584419
4584411
4584410
4584407
4584400
4584400
4584400
4584391
4584385
4584381
4584375
4584370
4584363
4584358
4584354
4584352
4584346
4584339
4584335
4584330
4584327
4584321
4584317
4584308
4584305
4584300
4584294
4584286
4584283
4584274
4584267
4584260
4584253
4584247
4584247
4584238
4584229
4584224
4584218
4584211
4584204
4584196
4584196
4584188
4584185
4584176
4584169
4584161
4584152
4584149
4584142
4584141
4584141
4584137
4584130
4584126
4584122
4584115
4584110
4584109
4584101
4584093
4584092
4584087
4584084
4584077
4584076
4584069
4584062
4584062
4584056
4584052
4584052
4584045
4584045
4584036
4584036
4584027
4584023
4584023
4584017
4584014
4584007
4584001
4583995
4583988
4583987
4583978
4583971
4583965
4583962
4583953
4583948
4583940
4583933
4583932
4583930
4583929
4583927
4583920
4583919
4583912
4583903
4583899
4583899
4583898
4583890
4583888
4583888
4583882
4583881
4583873
4583872
4583865
4583864
4583858
4583852
4583850
4583849
4583844
4583839
4583835
4583835
4583827
4583827
4583824
4583820
4583820
4583817
4583815
4583808
4583799
4583795
4583788
4583788
4583782
4583775
4583767
4583760
4583759
4583755
4583749
4583745
4583742
4583733
4583726
4583724
4583716
4583716
4583708
4583703
4583698
4583697
4583696
4583696
4583688
4583681
4583673
4583673
4583668
4583666
4583658
4583655
4583650
4583648
4583639
4583637
4583634
4583634
4583626
4583625
4583625
4583620
4583617
4583609
4583601
4583599
4583592
4583585
4583583
4583582
4583574
4583568
4583563
4583562
4583553
4583547
4583539
4583530
4583526
4583525
4583521
4583520
4583511
4583509
4583504
4583503
4583501
4583496
4583488
4583481
4583474
4583466
4583464
4583457
4583451
4583446
4583446
4583443
4583437
4583430
4583422
4583415
4583406
4583400
4583393
4583387
4583381
4583374
4583372
4583364
4583356
4583347
4583346
4583343
4583334
4583328
4583326
4583321
4583319
4583311
4583306
4583306
4583297
4583293
4583293
4583292
4583291
4583282
4583275
4583268
4583266
4583263
4583258
4583252
4583244
4583236
4583228
4583227
4583227
4583220
4583211
4583203
4583197
4583196
4583193
4583189
4583180
4583177
4583171
4583167
4583163
4583155
4583149
4583140
4583140
4583133
4583131
4583130
4583126
4583120
4583119
4583111
4583105
4583103
4583098
4583095
4583094
4583089
4583084
4583083
4583082
4583075
4583075
4583066
4583064
4583058
4583053
4583046
4583045
4583036
4583034
4583034
4583032
4583031
4583027
4583018
4583012
4583006
4583004
4583004
4583002
4583001
4582994
4582993
4582989
4582986
4582983
4582977
4582968
4582962
4582955
4582950
4582944
4582938
4582931
4582928
4582923
4582920
4582912
4582907
4582901
4582892
4582888
4582884
4582879
4582879
4582875
4582869
4582860
4582860
4582851
4582849
4582846
4582839
4582833
4582829
4582826
4582820
4582820
4582820
4582818
4582816
4582812
4582808
4582799
4582792
4582792
4582785
4582777
4582769
4582763
4582763
4582759
4582753
4582749
4582749
4582745
4582745
4582745
4582742
4582739
4582736
4582730
4582726
4582722
4582719
4582715
4582706
4582697
4582690
4582684
4582682
4582675
4582672
4582672
4582671
4582666
4582664
4582659
4582658
4582654
4582648
4582641
4582636
4582630
4582626
4582621
4582615
4582614
4582605
4582604
4582597
4582592
4582583
4582582
4582575
4582574
4582567
4582564
4582556
4582553
4582552
4582549
4582547
4582543
4582538
4582530
4582528
4582522
4582513
4582506
4582505
4582501
4582495
4582493
4582485
4582479
4582472
4582471
4582471
4582463
4582457
4582457
4582448
4582439
4582431
4582423
4582420
4582413
4582407
4582399
4582396
4582390
4582384
4582377
4582373
4582365
4582362
4582359
4582351
4582347
4582347
4582343
4582338
4582336
4582330
4582326
4582319
4582311
4582310
4582301
4582293
4582287
4582287
4582280
4582275
4582267
4582261
4582254
4582252
4582244
4582237
4582229
4582226
4582218
4582211
4582206
4582201
4582197
4582197
4582194
4582190
4582186
4582186
4582178
4582175
4582175
4582174
4582173
4582170
4582164
4582156
4582149
4582146
4582143
4582138
4582130
4582124
4582115
4582115
4582114
4582105
4582100
4582098
4582093
4582089
4582089
4582085
4582078
4582069
4582066
4582063
4582055
4582048
4582046
4582038
4582031
4582024
4582019
4582015
4582014
4582005
4582001
4581992
4581987
4581978
4581975
4581971
4581971
4581966
4581964
4581961
4581958
4581951
4581948
4581948
4581948
4581947
4581940
4581935
4581931
4581925
4581922
4581917
4581911
4581903
4581900
4581899
4581894
4581888
4581886
4581877
4581868
4581863
4581859
4581852
4581846
4581844
4581837
4581833
4581827
4581820
4581812
4581811
4581808
4581802
4581799
4581791
4581791
4581790
4581787
4581787
4581782
4581774
4581768
4581766
4581761
4581756
4581748
4581745
4581743
4581743
4581735
4581726
4581724
4581723
4581723
4581717
4581714
4581712
4581711
4581706
4581706
4581703
4581699
4581691
4581688
4581679
4581673
4581669
4581662
4581659
4581651
4581646
4581645
4581640
4581635
4581626
4581617
4581614
4581605
4581596
4581591
4581586
4581583
4581580
4581580
4581577
4581575
4581571
4581563
4581558
4581550
4581542
4581538
4581534
4581526
4581518
4581509
4581503
4581500
4581495
4581488
4581480
4581471
4581470
4581469
4581464
4581455
4581451
4581442
4581433
4581433
4581431
4581423
4581416
4581414
4581407
4581403
4581398
4581390
4581381
4581380
4581378
4581370
4581370
4581361
4581358
4581354
4581353
4581347
4581347
4581344
4581342
4581339
4581331
4581322
4581315
4581307
4581302
4581300
4581292
4581292
4581292
4581287
4581281
4581272
4581264
4581263
4581261
4581252
4581243
4581241
4581236
4581229
4581220
4581218
4581214
4581206
4581206
4581198
4581196
4581189
4581184
4581183
4581182
4581182
4581174
4581174
4581165
4581159
4581152
4581150
4581146
4581146
4581143
4581141
4581140
4581137
4581136
4581134
4581125
4581116
4581110
4581102
4581100
4581096
4581091
4581083
4581079
4581072
4581072
4581064
4581059
4581055
4581055
4581049
4581046
4581044
4581039
4581031
4581022
4581017
4581010
4581010
4581006
4581001
4580999
4580990
4580989
4580983
4580977
4580977
4580977
4580971
4580965
4580959
4580954
4580947
4580946
4580939
4580938
4580929
4580923
4580917
4580909
4580905
4580901
4580901
4580898
4580896
4580892
4580887
4580886
4580886
4580879
4580874
4580866
4580857
4580857
4580853
4580853
4580845
4580836
4580831
4580823
4580818
4580810
4580807
4580802
4580793
4580793
4580791
4580783
4580778
4580774
4580772
4580764
4580763
4580758
4580755
4580751
4580748
4580748
4580742
4580739
4580735
4580732
4580726
4580722
4580718
4580710
4580703
4580696
4580691
4580691
4580690
4580686
4580683
4580682
4580675
4580673
4580666
4580657
4580657
4580652
4580643
4580638
4580630
4580626
4580617
4580614
4580608
4580601
4580600
4580599
4580596
4580596
4580587
4580579
4580572
4580566
4580558
4580555
4580555
4580551
4580546
4580545
4580542
4580537
4580533
4580527
4580524
4580520
4580520
4580516
4580510
4580503
4580503
4580494
4580486
4580479
4580470
4580465
4580460
4580458
4580450
4580444
4580437
4580433
4580430
4580430
4580425
4580419
4580415
4580409
4580403
4580395
4580393
4580391
4580385
4580381
4580376
4580372
4580371
4580366
4580357
4580353
4580350
4580348
4580348
4580346
4580337
4580330
4580327
4580322
4580322
4580319
4580318
4580318
4580316
4580316
4580314
4580313
4580305
4580305
4580299
4580298
4580290
4580289
4580288
4580288
4580279
4580272
4580269
4580267
4580259
4580253
4580250
4580243
4580243
4580242
4580239
4580231
4580223
4580216
4580208
4580205
4580200
4580197
4580196
4580194
4580187
4580183
4580180
4580173
4580170
4580162
4580153
4580150
4580146
4580137
4580129
4580122
4580115
4580107
4580099
4580099
4580099
4580092
4580087
4580085
4580085
4580079
4580076
4580067
4580060
4580058
4580055
4580046
4580037
4580030
4580026
4580023
4580015
4580013
4580008
4580002
4579994
4579990
4579982
4579975
4579974
4579967
4579962
4579961
4579961
4579957
4579953
4579948
4579948
4579948
4579944
4579939
4579935
4579930
4579924
4579924
4579915
4579913
4579912
4579911
4579911
4579903
4579898
4579895
4579886
4579883
4579879
4579873
4579865
4579863
4579862
4579858
4579853
4579846
4579838
4579835
4579834
4579832
4579826
4579820
4579811
4579809
4579809
4579806
4579799
4579797
4579789
4579788
4579784
4579780
4579775
4579766
4579760
4579752
4579747
4579738
4579738
4579733
4579733
4579725
4579721
4579717
4579716
4579709
4579701
4579700
4579696
4579690
4579682
4579677
4579670
4579663
4579660
4579659
4579653
4579646
4579642
4579638
4579638
4579637
4579637
4579636
4579636
4579631
4579631
4579627
4579627
4579625
4579618
4579610
4579610
4579602
4579597
4579591
4579586
4579577
4579574
4579571
4579565
4579561
4579553
4579545
4579544
4579536
4579528
4579523
4579521
4579516
4579515
4579509
4579502
4579499
4579492
4579486
4579479
4579479
4579478
4579471
4579469
4579464
4579456
4579448
4579442
4579436
4579436
4579427
4579424
4579415
4579409
4579408
4579404
4579400
4579394
4579391
4579387
4579381
4579375
4579369
4579369
4579364
4579359
4579350
4579347
4579343
4579335
4579334
4579325
4579323
4579321
4579320
4579312
4579311
4579304
4579304
4579300
4579292
4579284
4579281
4579276
4579275
4579273
4579273
4579268
4579260
4579253
4579253
4579252
4579243
4579242
4579235
4579230
4579225
4579221
4579220
4579220
4579219
4579216
4579208
4579203
4579198
4579192
4579185
4579178
4579177
4579169
4579167
4579167
4579161
4579161
4579155
4579151
4579143
4579136
4579135
4579134
4579126
4579125
4579125
4579118
4579112
4579110
4579105
4579097
4579096
4579093
4579087
4579079
4579077
4579072
4579064
4579060
4579058
4579058
4579056
4579053
4579044
4579037
4579031
4579031
4579024
4579015
4579006
4579002
4578995
4578992
4578988
4578982
4578977
4578974
4578966
4578957
4578957
4578951
4578950
4578945
4578937
4578935
4578930
4578923
4578919
4578919
4578916
4578914
4578914
4578909
4578908
4578902
4578900
4578900
4578897
4578893
4578886
4578878
4578869
4578865
4578863
4578857
4578848
4578841
4578838
4578834
4578829
4578822
4578815
4578812
4578805
4578797
4578789
4578789
4578787
4578778
4578778
4578772
4578769
4578768
4578761
4578753
4578745
4578736
4578727
4578722
4578713
4578705
4578697
4578693
4578689
4578686
4578682
4578682
4578676
4578673
4578672
4578667
4578661
4578652
4578652
4578649
4578640
4578636
4578635
4578629
4578626
4578625
4578618
4578613
4578611
4578610
4578608
4578606
4578603
4578594
4578591
4578584
4578578
4578573
4578565
4578561
4578558
4578553
4578549
4578548
4578547
4578547
4578543
4578542
4578541
4578541
4578541
4578539
4578538
4578531
4578526
4578521
4578517
4578509
4578505
4578499
4578497
4578496
4578491
4578490
4578481
4578475
4578468
4578468
4578466
4578460
4578455
4578455
4578452
4578445
4578438
4578435
4578430
4578426
4578417
4578416
4578415
4578414
4578406
4578397
4578393
4578392
4578391
4578385
4578376
4578376
4578371
4578368
4578363
4578363
4578355
4578349
4578349
4578342
4578339
4578332
4578332
4578330
4578328
4578325
4578318
4578315
4578313
4578306
4578299
4578295
4578286
4578285
4578280
4578275
4578274
4578268
4578265
4578256
4578253
4578251
4578247
4578244
4578243
4578240
4578233
4578224
4578220
4578217
4578213
4578204
4578196
4578188
4578183
4578181
4578174
4578169
4578167
4578163
4578159
4578156
4578150
4578146
4578138
4578133
4578126
4578124
4578120
4578112
4578103
4578095
4578087
4578087
4578080
4578071
4578067
4578063
4578058
4578049
4578042
4578041
4578038
4578038
4578035
4578027
4578021
4578018
4578012
4578009
4578001
4577998
4577992
4577988
4577984
4577976
4577973
4577972
4577966
4577964
4577964
4577959
4577957
4577951
4577950
4577941
4577933
4577927
4577923
4577921
4577913
4577906
4577903
4577897
4577892
4577885
4577878
4577869
4577862
4577857
4577852
4577849
4577844
4577844
4577836
4577828
4577825
4577822
4577820
4577811
4577802
4577796
4577791
4577783
4577777
4577774
4577771
4577771
4577762
4577760
4577757
4577748
4577739
4577736
4577734
4577725
4577725
4577721
4577718
4577710
4577706
4577704
4577702
4577696
4577694
4577693
4577690
4577683
4577682
4577680
4577673
4577673
4577669
4577662
4577654
4577649
4577646
4577642
4577641
4577635
4577633
4577625
4577624
4577622
4577621
4577613
4577605
4577602
4577600
4577593
4577587
4577579
4577578
4577575
4577575
4577567
4577567
4577560
4577556
4577554
4577553
4577544
4577544
4577539
4577535
4577526
4577522
4577518
4577509
4577500
4577499
4577497
4577494
4577486
4577483
4577480
4577474
4577474
4577467
4577460
4577453
4577445
4577437
4577434
4577429
4577428
4577424
4577417
4577417
4577408
4577402
4577395
4577393
4577391
4577387
4577386
4577380
4577376
4577367
4577364
4577361
4577359
4577355
4577349
4577341
4577336
4577331
4577328
4577322
4577313
4577308
4577307
4577304
4577299
4577295
4577288
4577279
4577279
4577271
4577271
4577270
4577261
4577261
4577254
4577249
4577248
4577241
4577235
4577227
4577220
4577220
4577216
4577213
4577211
4577207
4577207
4577199
4577193
4577193
4577188
4577185
4577183
4577180
4577177
4577169
4577165
4577162
4577162
4577158
4577150
4577150
4577144
4577141
4577137
4577131
4577126
4577126
4577121
4577117
4577112
4577107
4577102
4577101
4577092
4577085
4577077
4577072
4577069
4577061
4577058
4577057
4577048
4577047
4577039
4577030
4577028
4577024
4577024
4577017
4577009
4577009
4577003
4576997
4576995
4576988
4576981
4576980
4576973
4576966
4576957
4576949
4576943
4576937
4576929
4576921
4576913
4576905
4576901
4576896
4576893
4576887
4576878
4576876
4576869
4576869
4576868
4576861
4576854
4576849
4576841
4576834
4576827
4576824
4576816
4576813
4576812
4576808
4576800
4576794
4576793
4576789
4576788
4576788
4576782
4576781
4576772
4576772
4576771
4576763
4576763
4576754
4576747
4576738
4576736
4576734
4576725
4576719
4576710
4576706
4576702
4576701
4576692
4576687
4576684
4576675
4576673
4576668
4576664
4576656
4576649
4576647
4576640
4576636
4576629
4576624
4576617
4576612
4576611
4576607
4576599
4576591
4576590
4576589
4576589
4576584
4576576
4576570
4576561
4576555
4576554
4576554
4576547
4576541
4576534
4576526
4576517
4576509
4576506
4576501
4576499
4576490
4576489
4576485
4576484
4576477
4576471
4576470
4576468
4576463
4576455
4576449
4576446
4576444
4576443
4576440
4576438
4576435
4576434
4576431
4576430
4576428
4576425
4576419
4576412
4576405
4576399
4576391
4576383
4576378
4576374
4576369
4576368
4576364
4576355
4576351
4576346
4576345
4576342
4576333
4576324
4576317
4576315
4576311
4576304
4576296
4576287
4576280
4576276
4576272
4576267
4576263
4576262
4576260
4576255
4576246
4576243
4576243
4576235
4576234
4576226
4576225
4576220
4576219
4576218
4576213
4576204
4576197
4576192
4576189
4576183
4576178
4576176
4576168
4576160
4576160
4576158
4576157
4576154
4576147
4576139
4576136
4576134
4576132
4576125
4576120
4576112
4576109
4576107
4576104
4576100
4576098
4576092
4576086
4576078
4576070
4576063
4576057
4576057
4576053
4576050
4576041
4576038
4576037
4576037
4576032
4576023
4576014
4576007
4575998
4575995
4575995
4575988
4575988
4575985
4575977
4575970
4575968
4575961
4575955
4575949
4575946
4575941
4575940
4575937
4575937
4575933
4575932
4575931
4575930
4575929
4575929
4575924
4575923
4575921
4575919
4575913
4575912
4575903
4575895
4575889
4575881
4575873
4575871
4575867
4575865
4575862
4575860
4575856
4575856
4575850
4575843
4575835
4575832
4575830
4575821
4575818
4575817
4575814
4575810
4575804
4575802
4575796
4575794
4575786
4575779
4575771
4575765
4575756
4575748
4575741
4575732
4575730
4575728
4575727
4575725
4575721
4575717
4575708
4575703
4575694
4575691
4575684
4575680
4575676
4575669
4575662
4575660
4575657
4575656
4575652
4575646
4575644
4575635
4575632
4575624
4575621
4575619
4575611
4575611
4575605
4575600
4575596
4575590
4575585
4575576
4575572
4575571
4575567
4575565
4575558
4575554
4575546
4575546
4575546
4575538
4575533
4575531
4575523
4575515
4575510
4575505
4575500
4575491
4575485
4575483
4575482
4575473
4575469
4575467
4575467
4575462
4575462
4575461
4575453
4575453
4575453
4575449
4575440
4575434
4575434
4575431
4575430
4575425
4575417
4575417
4575417
4575411
4575408
4575401
4575392
4575383
4575382
4575377
4575373
4575373
4575367
4575362
4575361
4575355
4575351
4575344
4575340
4575331
4575331
4575331
4575330
4575323
4575321
4575321
4575314
4575306
4575302
4575294
4575288
4575281
4575276
4575275
4575273
4575264
4575259
4575258
4575256
4575252
4575247
4575242
4575236
4575233
4575226
4575226
4575221
4575213
4575204
4575198
4575195
4575191
4575191
4575184
4575176
4575171
4575166
4575161
4575161
4575160
4575157
4575153
4575149
4575143
4575139
4575139
4575133
4575125
4575125
4575118
4575111
4575106
4575103
4575095
4575087
4575084
4575082
4575081
4575074
4575070
4575063
4575056
4575051
4575050
4575046
4575039
4575031
4575029
4575028
4575021
4575016
4575014
4575007
4575002
4574994
4574989
4574982
4574980
4574977
4574974
4574973
4574972
4574963
4574958
4574953
4574953
4574949
4574948
4574948
4574948
4574948
4574941
4574936
4574931
4574929
4574921
4574916
4574910
4574909
4574904
4574904
4574900
4574900
4574893
4574885
4574882
4574875
4574871
4574870
4574864
4574859
4574850
4574847
4574844
4574838
4574835
4574830
4574825
4574819
4574816
4574816
4574810
4574805
4574803
4574796
4574792
4574785
4574776
4574769
4574768
4574767
4574759
4574757
4574749
4574748
4574742
4574733
4574730
4574725
4574718
4574716
4574710
4574704
4574704
4574701
4574695
4574686
4574686
4574681
4574677
4574676
4574675
4574674
4574673
4574672
4574663
4574663
4574655
4574648
4574642
4574633
4574630
4574629
4574621
4574616
4574616
4574609
4574609
4574607
4574602
4574599
4574596
4574590
4574586
4574585
4574579
4574577
4574573
4574564
4574558
4574549
4574546
4574539
4574535
4574527
4574526
4574520
4574519
4574511
4574504
4574497
4574488
4574483
4574479
4574479
4574471
4574470
4574466
4574459
4574459
4574457
4574454
4574449
4574441
4574434
4574425
4574419
4574412
4574405
4574396
4574392
4574392
4574387
4574383
4574383
4574379
4574371
4574368
4574362
4574361
4574356
4574347
4574343
4574339
4574331
4574326
4574325
4574320
4574312
4574308
4574305
4574305
4574302
4574293
4574293
4574288
4574279
4574272
4574264
4574257
4574250
4574243
4574240
4574239
4574236
4574232
4574231
4574228
4574220
4574214
4574210
4574201
4574200
4574197
4574189
4574182
4574174
4574167
4574167
4574162
4574158
4574151
4574142
4574141
4574136
4574136
4574134
4574126
4574120
4574120
4574111
4574110
4574107
4574106
4574101
4574093
4574088
4574087
4574080
4574077
4574076
4574070
4574069
4574063
4574063
4574061
4574058
4574049
4574047
4574042
4574037
4574028
4574026
4574017
4574011
4574010
4574007
4573998
4573997
4573990
4573984
4573976
4573969
4573960
4573960
4573956
4573952
4573948
4573939
4573934
4573934
4573934
4573930
4573922
4573916
4573913
4573911
4573909
4573900
4573900
4573899
4573890
4573881
4573880
4573877
4573876
4573868
4573860
4573859
4573858
4573857
4573848
4573847
4573846
4573843
4573842
4573841
4573838
4573834
4573832
4573828
4573827
4573825
4573823
4573816
4573807
4573802
4573793
4573793
4573785
4573779
4573773
4573767
4573767
4573762
4573761
4573758
4573751
4573746
4573745
4573742
4573738
4573735
4573727
4573726
4573719
4573711
4573708
4573703
4573697
4573697
4573690
4573688
4573685
4573679
4573672
4573665
4573663
4573659
4573656
4573652
4573645
4573640
4573634
4573630
4573621
4573617
4573608
4573605
4573598
4573590
4573584
4573576
4573569
4573566
4573565
4573561
4573553
4573553
4573551
4573545
4573537
4573528
4573527
4573527
4573520
4573516
4573508
4573508
4573500
4573498
4573492
4573489
4573487
4573487
4573479
4573479
4573473
4573471
4573468
4573459
4573454
4573450
4573447
4573442
4573441
4573432
4573428
4573427
4573420
4573411
4573409
4573402
4573396
4573393
4573388
4573388
4573380
4573378
4573371
4573370
4573361
4573360
4573357
4573356
4573351
4573342
4573335
4573328
4573322
4573321
4573317
4573314
4573307
4573306
4573300
4573297
4573295
4573290
4573290
4573288
4573287
4573279
4573277
4573272
4573272
4573268
4573268
4573265
4573263
4573256
4573252
4573250
4573241
4573239
4573239
4573233
4573229
4573222
4573219
4573213
4573210
4573204
4573200
4573195
4573191
4573186
4573183
4573180
4573179
4573175
4573169
4573165
4573158
4573149
4573148
4573145
4573136
4573131
4573131
4573126
4573119
4573117
4573110
4573108
4573099
4573097
4573089
4573086
4573077
4573076
4573070
4573066
4573058
4573056
4573050
4573050
4573049
4573044
4573040
4573039
4573030
4573027
4573023
4573022
4573018
4573014
4573008
4573001
4572993
4572986
4572984
4572980
4572977
4572974
4572972
4572967
4572965
4572956
4572950
4572944
4572939
4572938
4572934
4572932
4572930
4572923
4572916
4572912
4572906
4572903
4572900
4572896
4572896
4572891
