117173
648027
613775
265594
64498
550310
410932
450955
531061
263834
813153
827259
85969
446517
982960
778923
31781
667928
809130
347498
384330
520805
176894
816807
1011605
428483
931677
876737
61769
199038
655862
592762
553628
389324
146057
643851
547940
409131
480298
994897
759646
50661
880276
7717
646683
372405
717608
786377
983944
546436
10113
603261
440344
606540
872372
405554
251792
267294
563753
950614
444782
704062
12048
213966
253431
635500
892291
405762
938460
365118
966710
425745
205448
60840
136157
680230
744713
96414
260379
178914
364952
899280
490530
907513
497095
445844
908267
434393
827206
955362
281363
747908
74065
813176
132177
569214
276154
608798
437392
103906
975502
515588
367789
812688
749927
759879
511183
934785
255310
158354
678749
580411
423498
277217
592288
651871
323977
255073
321527
308320
704810
435316
912305
933198
779941
947664
370827
495312
209368
818119
26565
746033
573102
417697
423651
248209
861038
82469
272381
774716
801182
557879
507331
137751
871313
639387
589073
43574
585876
595159
24107
395403
115121
328503
587669
791226
1003806
849386
605330
29704
93766
814410
2359
510065
696433
399161
661034
523992
147986
141735
323068
699481
616109
828207
97825
729786
947555
922593
64904
547841
98843
536603
393947
159007
945999
85904
771157
610762
246384
621162
473914
754536
333047
231052
197880
19751
453641
886512
277464
921385
98502
921392
926049
492253
877359
453920
980041
62057
205233
801432
568344
963907
819026
321871
488540
934879
123511
273122
467331
251011
607824
513781
129368
873270
334048
602480
198941
542422
610220
783083
607041
259401
834816
881956
212670
604364
610264
533933
864785
243815
706674
180387
525271
497025
2926
13720
740097
1007759
318878
178322
14516
263912
758384
49453
648640
609205
186101
72155
556474
196100
582541
762188
213431
130555
597553
753640
744616
426793
612189
45945
197453
628216
330648
193254
235991
1003071
250785
191514
530719
608500
306488
302596
445820
935679
870022
790711
993604
485161
423465
1011121
148707
85299
51680
580152
403089
919555
308688
87520
76723
674041
913009
212778
904656
589409
841496
516167
957742
623361
266017
902650
428808
390353
976824
819867
392559
33994
199749
941879
861883
578007
976754
597205
15019
254184
642777
280532
670496
615462
622415
753519
390771
516929
799688
308067
61806
587492
884965
522663
579310
862538
892705
237146
239379
52714
953747
913339
65569
827982
358240
387153
711414
223746
722369
383275
668968
292775
673965
472642
90810
251175
270371
837370
82299
7426
413718
539847
239612
972487
26868
70125
10796
960671
151253
684639
159122
864260
919869
446665
149285
783247
230798
477610
105675
8174
161293
1005208
582765
156148
989070
488359
1022643
716746
206783
940261
879457
480067
325135
403964
58701
321358
227641
679419
889852
342660
635761
934190
325849
985313
683817
152361
720401
368272
253568
451300
646413
447967
534344
699136
307853
451154
853426
200744
612958
236243
700312
1008530
609464
251143
655975
641957
399158
17339
198056
398517
535410
739965
142377
19433
892220
833607
728524
550462
420471
818007
947179
357796
304785
507930
766567
151110
975773
707910
550732
589287
930575
110343
842530
751464
473107
738129
850899
980070
877962
661844
945204
995072
500130
693774
270897
464310
2320
716794
351642
72557
994285
504806
991620
214415
507435
533730
621149
178767
955826
837972
629392
463114
135195
374569
841681
763593
973319
463142
955141
293091
987677
231260
38097
550847
885152
396474
1018046
66487
107689
1004476
352518
419353
687109
410690
773374
391239
1016493
212091
125983
649982
295134
20224
305074
860083
849621
626685
122136
288281
842025
590730
402099
741312
1005764
982808
536949
564183
438399
782342
163075
466194
832090
645459
353413
506790
396885
39534
468493
30065
707821
78122
622241
736824
931638
977101
237799
147976
747153
542791
879724
805821
914955
708992
511888
397729
798546
99274
425490
928300
224597
267126
17972
748265
487031
272514
913034
4986
888943
849520
124517
722610
790463
98098
504534
406496
599246
971585
901729
430635
497828
999628
53568
208921
387906
779277
157776
555306
935324
723640
516252
979873
12596
498830
447877
260194
388948
645902
962443
837366
412136
346698
643514
898988
612341
464087
488371
241115
4026
81118
299606
248898
720994
142415
442633
126352
68962
276022
665000
967423
558453
498470
403721
154394
814898
271057
280106
397984
460102
498873
123386
61825
1006676
178689
955840
972293
715878
332381
783916
225292
686094
689704
426232
790128
199453
167829
400187
270470
994047
423165
182858
85444
750258
675414
913739
1017212
234593
675780
187735
428230
15009
985929
600651
348285
877383
146329
969260
307551
372195
420361
719156
90200
391134
704933
231549
39128
65579
368992
158025
681824
511149
524134
25324
793117
535333
520078
769367
702891
821206
532203
338497
912378
160696
71298
734963
17230
291924
874261
151729
695136
784194
163870
509376
272034
344893
586711
961816
60832
876768
338550
974504
590466
668928
886391
353857
35502
673445
375825
39712
893066
592549
540106
452123
790367
249567
65574
82022
428889
196369
501371
398594
935851
7511
781024
200388
732367
796737
963396
670974
864491
788623
9626
833740
300111
49291
216370
791804
795675
800515
688931
254619
58622
350178
314341
144408
976921
1000555
293883
805144
658433
757009
341453
838869
134115
798453
381588
758067
1015490
585468
125038
487521
10461
642188
237457
687912
467244
820708
632988
555476
552200
886805
607753
841147
521194
951457
981695
745838
322891
738991
708548
605564
1018539
500199
492304
63454
851886
808176
323964
660482
150112
358787
978393
362871
302489
285740
595742
795441
151420
169373
540601
534906
839193
1007535
579590
639094
318515
212982
503261
525649
161819
639487
717638
373767
478907
785193
761416
65487
89263
954909
13278
182309
212877
820203
585739
586866
915781
811202
654597
745563
231332
825932
1018764
926371
53747
155044
204382
702654
822972
94965
236227
319731
910252
441520
921667
240940
418196
503913
846200
907357
1007241
353103
96254
1001615
53292
844870
249222
665480
886788
605603
29706
220185
136199
694403
718619
994820
910648
220104
397398
450183
900714
426161
837877
581513
929058
939797
533121
111456
1003162
365372
645285
794429
500450
892762
953886
498229
651297
395945
71375
738028
505850
634914
422130
746976
188682
773847
712552
597583
431757
19952
718641
998343
368672
173632
102902
398920
62369
732035
1021891
949015
672562
544566
356819
900130
584029
579347
309380
609291
300370
82216
994922
823507
604491
782227
686719
644900
646416
529884
299896
299066
882326
819695
142899
754799
297667
121524
622924
959587
784461
1011277
790478
639685
405184
592363
396550
950464
439198
865613
445300
112388
645024
551895
1001691
869743
122395
765259
412024
734040
145534
876582
496719
731768
260088
384921
33440
1021558
661302
339747
881785
4878
310858
118215
572517
758493
803495
123631
881730
182475
50505
384733
691504
663061
807153
886986
838821
147189
629390
947357
92318
763889
591287
481865
103664
613822
323413
821443
603069
940494
483422
732831
178945
349565
641724
946758
82252
187859
1004108
898006
598922
571895
197634
291478
390654
912945
7465
307220
275022
181658
156872
781022
660663
330851
432416
953049
817760
713918
185171
448833
537293
958572
697119
917053
1013354
665828
844999
384542
513095
753693
176914
618548
35043
140280
792428
436557
266273
622157
965163
832459
279640
576401
193773
683873
326790
999969
215325
4714
48036
17453
654484
730853
500500
288324
753244
597265
875062
930935
234895
667041
269595
24621
179294
165277
754769
196739
1001773
292309
980957
61277
108508
901121
827207
44302
34081
80762
704719
201888
929297
895887
786877
199360
42429
467333
342486
37193
78585
140335
953323
715115
575544
96037
374155
1003128
763795
588708
313304
545611
722152
148738
408439
60501
403487
31436
307617
77893
659848
500350
627799
137555
361056
789214
214962
807210
117619
856821
523864
733552
361435
534187
246539
402163
371174
461566
149851
99697
12310
938975
300924
723460
522305
941481
47922
109096
753369
156734
801768
673130
227398
430528
367585
823216
385647
900841
14981
457247
27736
360200
535005
90284
865766
94617
575770
345667
289213
529279
906832
878989
234314
256480
796992
957538
733917
630941
805202
149451
668141
87660
536737
362162
981376
372885
60977
16680
511138
938053
850236
4691
149778
811922
821161
680690
741373
928780
809374
467599
604386
333052
683052
502080
528532
955196
853289
494617
190046
944307
502300
757297
674112
337259
734288
899151
538456
344144
840715
57650
221532
254343
898265
86138
762948
817256
300289
198198
482052
907034
8729
282891
625271
724426
85173
695549
461143
229255
345403
591069
501353
920253
988114
716880
650934
737101
638329
92279
873971
564293
952372
150848
287490
724801
700512
300361
942737
954205
991528
467564
229857
978389
492048
726251
250785
595516
740271
763705
803064
792662
398714
89187
673954
103826
995002
281369
831026
494631
570527
85853
744309
981449
161647
150727
407031
577544
712919
330610
494239
824390
445794
842119
299381
419155
1010439
260964
412548
221351
823004
971880
982235
205115
906217
528989
804013
184836
177432
206211
751000
634380
488520
896821
872451
43055
573568
962874
778400
742512
765248
747435
836881
429302
593140
22396
194726
527526
458882
334760
682821
383326
470530
15101
984163
710602
159885
462977
635950
549607
471854
233600
996557
131346
583926
783411
646591
651468
783404
931343
871264
173837
880288
452775
244874
317761
673056
4670
92248
388323
292868
333549
200198
1001141
307940
408429
770292
488345
658794
641666
225993
378127
829250
182021
163253
817996
610606
545932
905422
562931
128309
573623
639132
617587
151547
907034
40368
160508
994604
330178
971631
551198
629010
211046
78060
731393
489799
974892
671219
386619
155268
294420
925219
577361
221591
290309
975923
552141
630131
348274
595797
743416
923745
475305
576695
66357
675413
75192
489254
347642
1019484
829436
822989
761451
703792
185671
316188
817813
200430
146861
75972
727876
453087
742124
120286
750209
410738
668789
761387
499627
241739
979483
74102
797488
410740
520023
835094
664553
170161
233781
145808
833552
328690
32991
389465
58334
53218
634053
865720
290757
717725
545381
192714
440391
42878
637628
850847
874866
361493
250697
852866
767992
253496
822714
639319
197103
676401
782390
50460
827681
1003541
753734
440210
88337
277300
119392
398325
10891
487084
231442
424934
136934
588056
288456
116586
998618
926054
299322
873227
2296
968390
683380
724508
160714
724415
246147
379674
1009543
117851
684217
709678
632691
870275
451486
869839
266961
29541
492659
225669
548230
903441
186980
35528
645196
377636
290121
843783
869007
947099
719896
516548
688103
492745
659435
752092
396083
489315
431530
767205
598350
249785
682069
204720
548209
58367
873969
211693
999717
695754
837900
427758
172515
245910
983277
379268
464458
444291
180829
700421
40187
936993
494348
380784
46868
624736
1020322
656551
69704
935338
31843
882394
691864
535308
571518
957957
615344
760975
809970
872335
23008
220581
752670
602899
366261
690367
90851
401724
814388
118268
691319
52938
178610
346875
423881
132529
385363
806353
521101
339552
159517
308502
111075
895775
305336
368410
298152
92049
513220
203317
795736
360025
552151
935996
574365
923353
980242
296720
708985
367894
144222
53328
801805
38327
622664
238126
116228
741421
93047
508767
98463
964844
273862
242732
547933
36310
910082
810662
727622
284345
943425
79862
649172
918511
50141
386259
610175
955684
684044
160524
108515
322101
243997
555589
174993
245811
152145
325054
549743
892038
105556
567631
716236
976942
257111
279408
314372
589093
756427
634484
442572
411617
312251
434902
166171
630517
295622
806060
694710
324311
218296
251448
43862
153532
133317
567710
204663
281504
338785
793519
812992
309858
996543
872931
563722
533003
394467
357734
146190
612655
640870
1353
289200
612716
612550
793049
767202
634895
1009511
68365
108086
382679
846378
511000
797444
497361
755369
486943
509492
505698
49420
687109
210089
154467
774027
680289
568907
314982
674688
536209
429486
345111
719399
986088
190564
363454
476918
626179
180700
489953
174483
949561
828149
469511
668023
188976
327715
989847
700701
633229
899132
754910
8934
823491
972256
512815
713100
953869
916867
276260
699969
378230
324121
90627
261731
974101
236124
172349
592606
680535
897213
459024
842527
529012
190437
939851
378289
768004
470502
448562
196726
520106
276483
595831
96898
943598
909592
456552
293271
401449
50344
780329
1013049
665
893057
973078
272750
492949
648974
7754
695060
412634
863289
109630
952286
1002499
972538
445321
809964
450327
434561
575173
468743
411196
455164
234642
494454
252298
538117
540596
753791
733691
903851
290648
443005
163966
342812
823668
215707
754730
753644
944460
731178
627088
485636
476176
849317
605481
113706
857506
107326
801518
176680
540534
102692
140551
859292
533395
439124
719771
679516
99766
645401
962502
319619
105621
987682
928681
437788
259393
609086
674202
917610
469668
924854
797820
1000914
619306
476231
985898
511335
878205
222394
393485
844047
122216
558370
284110
342102
208349
117170
306724
847311
902418
90168
210894
33058
836037
457274
669
774071
86177
282283
1005737
511486
1002681
736586
878500
633688
755248
1019288
765259
985765
872699
598900
383224
1005931
1007039
181076
439381
36767
81620
409634
279851
705044
793451
576689
514648
217469
340684
690906
595423
376864
971191
815671
697881
555034
588780
665723
557066
576585
805831
386413
830671
40409
354819
801919
48178
815214
769951
435727
101984
661227
664541
98873
181938
418526
419943
1019734
326055
327816
320909
683542
624627
756108
338089
167222
145584
825394
190116
186077
328883
165209
1021073
956825
353530
137975
706679
952049
988737
1000782
91180
172454
33715
765102
339036
767371
658110
451040
699817
307966
76287
468790
618988
346114
306525
81965
722842
381178
510257
537020
941379
817924
792227
359740
160563
365040
467728
974835
304443
398300
951463
287038
446090
287853
1017363
1005915
248244
989612
547666
187089
708309
121978
709029
780412
971215
349874
871584
82488
107182
633050
721505
184874
840237
188804
534749
853158
777298
1011783
566870
996544
400180
28245
882409
931698
828381
292537
833859
85863
347978
550960
521332
160610
242063
395937
960731
454990
860439
537145
32321
120802
77833
39463
164099
258288
768455
4337
434278
988747
730768
405617
589839
174931
26437
523120
44682
648479
19273
219870
512776
256837
29313
38059
558118
441160
843131
857668
391656
71839
703915
429229
429252
119646
837583
271415
537563
495491
821876
666079
250946
1005280
526995
944195
734079
810912
1009747
801345
335632
528759
871922
52526
768804
856938
854718
462000
830061
576568
859197
422457
516365
245604
714604
102944
996525
528608
107557
860254
711597
571735
851097
960225
920949
701719
606973
370576
636394
1005466
761666
263132
716285
839088
595708
771071
166749
637002
242020
587733
923981
100837
1005945
461651
19599
520336
98369
2216
590976
743068
786733
49646
617277
148448
436890
957581
411395
10662
437364
866349
454293
90934
855797
600917
62166
685308
332683
872357
298870
472152
172504
1021868
799945
442882
918227
960615
384179
721176
379915
340055
990400
218310
998668
628286
649040
200337
405722
121205
306671
931648
460186
335341
235203
48231
441424
794048
587550
445585
398019
899699
582964
150537
391549
640971
733926
789573
34799
305736
394173
36848
381105
549698
430066
574867
194534
517279
83625
385759
708030
607791
680255
174745
257813
341668
874936
763682
36409
303665
726619
746402
476616
370877
72794
576977
178104
556484
1014696
133730
981617
338891
402927
919052
472597
193918
1000090
470325
357343
380519
872973
390206
860585
656717
512501
440933
445319
580135
136377
332123
306577
440763
785935
21347
778175
268504
685740
922147
277996
108844
559379
870411
437757
860611
620943
382559
902683
169245
748348
432610
333083
175850
369727
450593
380671
4964
860949
100185
778134
227913
341769
62214
427326
130932
167359
122633
734666
1000215
772078
318324
249726
955287
67371
834293
63543
269060
820960
794078
117928
805428
733787
304077
844223
752507
846338
421373
268838
378632
1001893
883751
561637
631519
549356
994838
25124
182382
620271
119750
704270
22991
316901
890424
938450
671897
734195
664277
168131
204899
960550
648060
227231
259798
127612
281898
205293
287598
533021
847685
723327
979149
461991
986501
953111
6588
985255
536192
856870
58303
728355
977104
349360
919891
981075
39138
158795
257478
155505
969054
151877
283827
108966
178222
792293
980761
874531
623149
630730
356375
359761
245614
992625
400199
943392
350758
38354
712372
217212
862775
805161
391801
988638
1023834
979410
948215
55551
844775
985165
774834
330663
148036
742754
529609
764323
825064
187486
639248
25044
448779
214907
206028
564836
263148
669789
461578
540180
199358
507577
371612
86193
188720
55056
610225
616614
811672
381849
214544
758698
860603
651581
737521
126105
936763
383676
972664
211041
951453
998381
279758
843795
422390
845602
753374
473625
371763
519850
245417
889991
1012225
21616
349255
1020554
834911
1012160
163963
200445
878526
432426
183793
931354
26321
251007
664598
747597
265207
385272
535956
423972
217155
486263
142441
390499
743204
700133
726435
522037
594358
874170
577210
251772
920740
10138
370314
78153
963255
143389
320491
578663
953856
205735
173038
499730
1020318
319862
745911
415429
996909
887227
254450
48433
447179
451295
752627
153161
498888
315622
858734
192122
374761
139505
175567
321529
737625
789213
100920
473652
106285
985865
322325
87658
261778
972342
54876
115542
436886
280967
399718
518
992655
153767
883045
765387
20268
736265
184706
854345
123158
852299
252052
19118
764994
466868
379006
686336
409814
996060
336165
35982
338613
957803
901388
631944
912553
816633
945551
1000363
451628
401429
779449
67092
606163
619361
520898
115254
45656
864986
1000744
386791
404546
218678
611688
43156
304691
132966
271705
872341
148942
374331
42790
145820
386882
271397
731878
303174
38264
338454
814042
284372
670421
129669
46914
528627
636076
188814
247516
312503
119620
214326
919802
809383
438400
665549
380990
620273
919345
118380
541941
361150
308469
486814
176654
525472
159945
187931
796598
654632
442419
334767
77201
861333
627973
348218
720534
524966
990670
552144
780423
668049
348899
332544
796940
130572
231941
528434
533099
54920
342703
134442
590310
367485
974079
185257
438706
729824
757054
822322
823439
925874
777742
505322
133384
534194
189231
203417
418377
134451
229101
909517
959640
636680
367658
269853
674674
631451
294660
134027
859971
735773
300578
32259
94400
513239
145056
607488
847845
400288
404629
512334
317574
221799
789053
665066
929428
772336
360392
300293
41967
726172
509374
830247
49634
521568
123917
289393
1011776
772056
982960
202747
87064
1009268
284926
32091
925719
490448
689293
901191
258171
165922
116929
12882
658608
732109
797172
400082
616585
280850
667459
384227
384796
380646
281075
965508
311610
646878
420223
794078
799113
57414
812607
144805
84032
94802
699574
747927
923775
315244
439160
1570
4425
193452
255414
464418
750623
252006
576616
673224
760634
390876
327701
160150
43364
304148
175426
607110
171379
325573
972149
884811
74595
684139
423652
50863
589071
648826
812223
295707
531596
475310
55831
334133
174626
809857
577898
419236
61416
390582
666316
956911
509179
136211
707250
275587
94810
880172
179038
358099
478049
415321
735971
793498
971745
175817
950228
839484
11736
662960
581261
633930
755922
242332
489757
163364
920795
929509
492495
355257
621343
451395
403539
920682
851489
791674
487822
452877
82836
858416
166395
133902
268761
303839
562876
498607
723734
902117
407873
529775
839663
173240
803219
149897
586724
866872
400190
154515
337223
356125
507609
38215
518872
701071
504371
316511
776447
253397
287004
455833
770213
959269
465101
718810
414127
153497
86005
478831
699159
723523
222561
737646
332457
375383
859974
262459
388696
548487
578862
449063
137530
225132
192125
274738
290343
526111
253856
346865
762345
665576
77777
654987
714528
777230
414088
317149
710069
90317
407425
762814
200697
454246
340070
146780
155481
77648
373530
629701
33472
653452
787874
91266
329865
374038
714927
921693
495135
390775
889292
92996
32564
924792
163360
1019974
323226
435697
960481
983994
66241
220351
59478
937343
176078
151252
135302
808285
899412
853607
729730
582538
644529
349005
193868
902985
601352
595808
109923
525741
765398
886811
832492
324220
545075
227144
824959
800046
198823
480464
1022346
588821
667559
375730
83814
679830
662187
269327
124404
391061
425453
160865
761075
271599
837055
969676
702178
217376
1006217
892813
1001100
943622
748127
218511
121653
229309
627259
894492
453983
506536
598236
782000
871993
1023889
585018
999401
648101
356328
727716
923803
637669
644136
181368
638977
556001
872023
822143
225550
263959
373420
147170
870625
903199
149578
785101
756310
542426
996395
554655
764089
590135
397336
990411
904085
219041
946132
935502
662955
325129
30297
832461
432382
361355
163130
826954
762379
541375
872487
72066
861206
412831
368271
74215
90272
946192
173408
479285
25589
65551
578282
224435
749793
318073
239329
662537
193923
176502
266369
221112
580409
377219
896204
25657
955
654875
206575
734902
894276
810754
171203
801887
808938
170030
174446
329067
747023
337490
464938
628140
20976
326152
647454
1023180
787034
486298
471656
137257
518269
82285
501564
833611
700633
348938
470822
861182
741717
766666
26475
873233
755310
755742
878734
981673
242060
615544
903662
664898
641649
990426
957836
12356
669130
528889
665067
616766
86760
512269
370704
230593
529032
251704
580521
403675
592078
270736
785226
533807
248913
717771
997074
766638
250959
212870
256492
21748
206849
13874
497841
702273
454922
380827
799851
409362
197385
208662
576117
257627
731725
1003847
155454
298852
611240
363661
178028
189501
98140
44554
225565
553951
848179
490834
388936
593633
552875
848047
932162
378324
99405
474126
200797
338747
937758
271499
638379
47914
573231
172692
858592
918137
591
277692
717141
1023909
851425
640286
771625
980805
844488
99180
356994
349732
20094
546195
912625
817919
322372
839949
159988
795100
434548
822978
503188
920325
846834
256923
572463
718752
508353
75686
24912
857580
968370
658911
588218
268058
316726
863905
914820
215237
906069
964265
738142
257040
1000632
355522
667121
164955
936928
131091
453989
202657
142457
1011969
478972
957042
65737
810690
480475
991623
365635
320384
28649
578311
685368
641317
710096
233813
1019821
360649
275745
407956
164679
485046
657812
192440
345699
933140
193132
102986
182338
870198
847097
552888
869473
708479
906551
481110
579815
279026
577172
704501
307768
836950
218831
89630
81319
433410
517372
279532
193864
965962
251556
894083
95971
908422
150793
300336
260100
289467
105607
992799
354607
145897
397333
412851
932400
114929
942827
14726
881041
508704
94782
373757
420133
468572
67879
890246
262594
868841
420001
507505
786444
692185
880049
417384
1000555
207630
55200
510604
69662
181229
315492
621358
354665
128417
882973
404263
372970
714249
875707
324309
514570
612927
690876
325810
620687
272838
998419
479634
234829
563791
787492
756345
48124
953896
28652
464406
767013
626498
701758
268256
907063
753885
136232
255692
546230
16850
887924
336296
785811
297341
166218
388887
996246
682309
410867
869162
807415
392393
132792
648343
605709
709288
474345
928664
190238
776173
521465
496738
761941
569366
848839
1023808
870353
983999
536568
235596
953562
987120
741503
794826
18222
606207
119102
250913
684410
269347
724934
1008247
391396
775831
82491
129768
701381
696679
375379
728930
119156
554715
333437
498719
963901
417405
746270
146624
77425
211143
822774
80131
114583
670574
560545
185121
231104
665669
65338
524743
784632
116944
269338
425902
762584
743526
797118
916185
1015865
820993
910790
269675
982275
990886
716826
1010210
643363
439659
881959
779892
469403
218666
694855
289860
897203
477633
20031
195905
124749
592642
532450
709084
721238
552766
703698
761315
661337
200041
219750
763071
499501
962026
133799
87878
114127
691458
778101
1013054
353354
874966
138695
93295
281042
523290
271120
135012
898289
68188
843452
949694
992729
400107
459225
768052
947160
366946
386771
809514
806889
158420
1020760
717549
138854
330389
661082
1005705
997851
477603
640050
716359
471287
588464
807650
891079
1003932
980173
612467
768437
668437
439988
134525
478507
258407
308402
775621
25251
641984
703279
479488
854935
382988
815067
226742
55735
949671
760695
284738
485062
829741
411198
712694
614418
584556
635118
257115
995214
669051
914550
322710
72846
549860
217661
854757
671262
953084
524044
781897
440574
153172
1020570
914494
369470
912712
296371
132262
993138
405172
51460
467396
557459
177607
171653
579171
167794
391663
745347
164887
462553
932852
358729
193435
869184
692769
2666
854361
449833
730524
10926
401417
564505
930519
755607
289649
748595
876319
679823
124234
648306
464210
738735
99907
295554
236462
96302
691487
482108
423108
627556
603641
511677
908683
977786
410536
529185
613008
480945
695613
692449
517707
561739
909737
264903
53902
158745
340860
166793
700182
866978
351944
324362
608068
167405
195364
859433
272613
918252
142284
842819
648749
181125
737254
139596
926915
662845
349407
740229
125942
88195
48372
637402
115725
957079
207821
628700
284859
842773
27459
548950
651441
24098
956994
954254
453710
895026
636874
761626
97650
161907
138255
296283
797296
987353
197057
742043
208417
502471
147814
943551
468757
924503
721122
848553
436197
365126
481561
832556
596644
851327
95147
25516
551284
695106
1016542
970834
687668
255217
292250
815082
813911
859255
100749
942937
389072
321109
1015151
452798
927785
924235
1017183
906531
630452
980127
738156
798688
167128
643596
435761
518540
294797
237642
700312
936097
856290
224566
992703
509355
485563
409247
913399
209197
439961
294060
336360
605457
923282
866541
530131
140233
357215
64508
941808
124678
259988
779216
147702
409620
98282
97438
537017
564176
909496
851563
877549
285767
348289
260403
979464
309741
510374
874927
713798
401015
30012
372935
873670
856917
479480
886676
545746
990671
107079
363024
159292
901819
542843
250461
169955
486360
229407
73390
842837
919755
420203
318422
817038
869811
377811
314987
784607
184683
348345
189591
922090
691547
151364
72315
13258
213243
623432
31551
449615
125670
465252
755898
980326
493975
547371
734139
452760
5570
597626
782066
755881
845905
79593
796286
1020768
869881
153693
992788
683367
846457
188345
153544
145992
568687
245428
50556
152215
350935
1008582
960226
571951
112928
569148
812591
317588
775917
42859
288094
685432
711269
228865
1011229
269145
494647
874614
972376
729671
931885
765346
869217
25795
179564
698985
841145
598211
370758
700305
690046
812755
315324
359092
911216
727381
102547
592977
1022625
974313
581649
1015036
806585
410343
86100
1012662
845539
752393
82000
921431
789848
643366
110947
808231
922502
652825
908439
161421
862940
240320
835955
638943
81973
411681
837758
598616
525278
780198
635729
731943
133190
257417
472152
784804
672065
808779
43045
394909
216569
462941
68208
241359
366449
478946
41135
119409
478647
932492
267342
39913
306598
819107
661132
155554
579925
864292
272370
198389
634144
177414
875887
464964
211792
291224
326933
806438
63594
1014533
52330
569276
328209
329210
289388
80930
289432
445534
773925
391938
553768
372032
281318
304194
892554
149711
180003
471261
1683
735874
551659
18127
163369
217944
361730
578090
346613
529977
368028
793926
702887
473212
246200
743957
355296
960642
563735
306837
689857
941183
745432
185950
380686
412505
983218
764763
370686
848296
68813
657301
550305
66782
288829
594475
277486
882304
195100
461150
29800
305554
308034
957385
849005
637970
689828
942766
712219
738970
93510
28523
644575
87080
880606
843275
128667
218107
397319
351992
204403
18324
27422
2511
400949
44764
880829
101196
333155
308324
247506
499812
861406
203718
906587
831602
959024
980011
234432
456841
972149
495846
143820
858600
322535
928318
759369
744843
747781
559178
208184
982750
327776
948724
122794
733068
803330
547359
69438
452214
721787
492773
454456
297920
708489
474873
554297
1004549
190051
946476
195489
195754
882850
498187
642942
867152
919245
309157
967727
291427
257919
371562
321177
1023184
890423
514606
616965
369363
904380
526925
952469
608750
567595
991721
954721
283125
496286
567119
900659
192838
962171
574840
936667
467479
374870
439979
772143
946920
11908
259904
582818
683031
539965
877183
844927
351378
1004141
637862
115651
999334
115735
558345
973717
388598
291686
804692
886115
52104
939602
322284
431514
738554
823787
664948
894977
77266
307014
220524
153523
70131
865537
812531
933047
732202
487283
890029
756030
537576
602485
701375
327800
840715
22472
995831
925971
941269
833826
635657
589137
525053
978136
647668
760516
990692
791081
427908
799657
202464
442916
501488
979935
416693
751159
926371
371586
386594
372054
305944
602408
461463
506308
178654
552376
1007620
213377
178875
543714
832204
15184
648429
509246
300248
930404
353931
182021
318664
301735
836619
272486
706117
794534
44509
167046
550258
407579
454195
2583
171905
919576
831716
152211
359010
457678
427878
111382
464277
263416
199417
485590
368160
140519
646883
33600
315293
118058
480470
339375
758891
205017
177517
932555
46853
663679
462549
658300
177775
772769
199561
797578
954316
998127
29493
884179
618253
815622
915388
995880
104644
757728
53333
368324
753430
363225
246992
350057
349135
322910
379639
531481
657808
156724
981007
170350
202275
493410
895102
373910
681967
690109
589702
867567
336007
101134
8495
171323
878172
237793
370755
337536
720787
72173
47731
274047
1001458
68635
605335
162766
422899
150837
43283
883092
398075
912940
870997
240865
98980
147718
965498
869800
632118
250722
487696
443738
322869
534441
904182
947487
86036
653011
964704
968115
143879
124115
203511
176859
941302
86432
216605
58499
455821
905441
553294
878454
809328
471605
224418
300985
421260
492572
207471
185988
355209
924549
272651
1502
115548
862708
280239
91092
577016
740431
698743
786261
592420
154694
632197
508077
177256
183902
639814
376732
855073
386712
534476
1016083
841652
232898
942427
939658
154079
848217
875007
104705
797227
931865
676442
883089
17022
947492
1660
57773
46028
304075
884458
277755
390126
349691
69569
706249
71307
868166
215029
873773
25394
468621
37554
48062
834186
198728
347363
155624
253089
832370
78032
1005808
959072
805651
31202
890245
637984
292459
664194
33023
427861
747960
499232
598583
363880
659877
569680
642561
163235
977743
780814
812874
939078
955124
23074
304843
950454
652090
456094
648295
72917
302874
391045
736295
640877
630887
519814
321743
594885
345343
201701
28189
598102
349325
732795
576669
132759
399607
738260
342316
1021429
852843
178550
627207
822239
47105
59457
658319
801533
510477
492530
118427
611200
127749
440513
352890
605844
241161
172331
64644
950003
729619
218570
454491
239763
214204
907615
504771
106879
769959
959218
378139
662980
737935
51217
289656
75905
1010665
993588
642397
289826
45621
434753
541464
666534
587751
24874
591291
548635
308204
50356
693174
795948
301275
558419
730382
572369
623801
27185
690492
856612
279401
543822
247972
1008980
511406
985538
213936
301746
102110
92957
313737
395497
654118
23791
270450
123467
450676
950115
866753
70214
154629
986630
52090
540661
884363
377254
911753
911314
182521
716373
628892
220810
723951
728973
562331
921321
414653
439405
443589
525556
928534
998946
5992
530454
179795
991841
638780
960114
690528
361488
642141
865111
23111
775172
154340
121554
782935
27621
463137
216156
405488
759086
591734
319156
10990
556625
324562
52936
77232
139255
922313
867277
783556
480357
411725
864878
491313
590586
668172
334112
997728
336341
214373
405396
44199
216979
717575
21318
966003
788278
698921
654131
729618
405537
611680
662695
662555
158783
912160
854836
302714
435780
11217
648639
10780
238091
886669
533172
838451
938271
353652
380249
65830
134486
927405
616000
457497
555926
458489
776406
496404
932027
400629
505881
479698
684689
769004
988263
173353
863996
833878
449649
635664
189239
1009650
6990
684882
941369
842363
566700
481742
762163
425993
2081
334696
613686
461831
100512
243600
152818
451533
142599
290925
567194
961498
661716
695205
856547
609967
742392
480716
44586
726858
986308
533094
930997
514366
18176
762522
212498
385132
879130
633974
756123
828000
614524
748761
985627
576330
399862
327169
916107
598166
598874
687282
457973
275243
369959
779775
402810
891709
990045
198584
103279
931792
555120
658800
39585
879562
763223
54313
556729
103090
823491
716446
484027
321291
737133
115757
413352
218183
700296
939104
814404
855658
1016150
18711
648178
649533
677591
934227
181947
362794
433307
532129
379501
272315
470457
859937
767712
329130
328920
732722
539476
500900
322666
472507
993014
795295
442361
145945
698241
307412
274586
387744
462849
114779
556670
241872
1010099
32355
350630
903190
864521
948746
867255
124987
368842
77279
904419
846957
109909
558833
345607
606440
872965
893843
164308
321
488112
574384
954148
815439
807754
967877
767598
613046
67496
328575
853077
481553
974174
400625
912218
630459
442825
67953
446130
646203
820776
346896
133171
95306
934885
805301
80744
296577
180978
775894
354243
1014436
615503
930514
76786
128645
127655
749037
879690
256150
736026
810728
314976
233743
315414
510268
908215
78776
1022046
347379
794003
687187
879661
784932
164844
917418
1000051
344585
788862
508720
979006
425918
616189
193879
883764
971416
829286
696429
256061
50208
511857
213555
799549
766891
117283
725501
54527
975255
806015
24447
325165
349220
123484
242745
738939
962540
620114
582017
799460
704000
886478
517418
278029
514465
686661
831182
179397
925592
681094
569277
874670
899378
110375
556930
531189
187612
177953
884494
966972
810583
283000
410756
360090
911511
821522
604576
404152
318270
665514
407237
581916
1009072
760796
771233
643714
948690
642656
298623
43622
970852
628820
790312
617119
653561
994481
385655
982821
159631
141024
927096
781299
561615
913509
479036
333575
183778
683961
76860
209031
1008877
750134
738920
842494
768811
295724
967627
447939
765862
221713
42460
617338
578962
551380
988003
362164
641350
15186
734981
1003186
670424
564450
310383
405063
190547
246027
644635
116443
803223
108117
177602
266635
241614
131644
303454
733294
449158
821569
110298
233971
648304
845340
766041
641126
260532
356876
670496
571281
821743
65614
709409
416383
747466
544428
943397
648028
100408
740652
784789
309112
621388
257770
960996
92522
686260
972288
901788
258897
489942
273569
941060
807734
121733
605509
553836
207757
999776
744446
200469
117211
906439
53994
300735
980337
407931
664513
666319
493654
987601
1011854
648221
103491
248979
826747
747096
570823
595571
97733
93974
456587
248109
785870
281468
903088
111160
810065
843399
155988
633640
74928
328180
175156
875939
171113
125906
128107
3325
800167
336546
48217
556915
686325
485928
961183
49409
948237
824017
546374
268768
506830
644544
373503
37536
614221
67447
663429
983005
395778
535326
989214
143265
359203
200819
634689
324182
645135
927311
364114
416102
331744
158673
385161
394609
878115
485929
920048
548394
661156
131331
904331
44495
435298
946061
843153
711235
452001
263207
134361
980425
810783
400550
729168
278879
786526
631109
771495
580277
95008
705577
334857
962504
536561
651152
497674
643616
313822
650389
238491
885666
271171
658594
203833
677650
212418
245618
471335
532009
530256
581569
811984
450383
542313
589971
240718
994550
616292
656670
566280
850066
240865
494934
374901
998200
664926
246035
698368
429522
788457
525280
92932
60157
621040
244578
535286
480383
942132
430691
895394
759400
625884
221818
711310
967108
449702
314969
12411
432378
382264
202419
1007881
1009604
38549
783304
434298
319691
111019
998798
833423
113374
79368
60541
103822
780239
166061
654583
704613
163562
628219
646995
689384
734483
1003722
827013
59703
318587
790681
403307
156475
280062
262367
309942
611663
843292
21376
496499
840443
40851
657499
535605
913371
701845
867328
568545
88734
501675
864127
363286
484906
125222
334683
141111
344797
255549
589726
380950
240111
420040
705286
235326
679155
413336
1012573
475101
875388
658289
96486
29260
69852
929957
323315
769597
433160
988238
996244
669056
267159
209447
827498
280946
10217
655367
310937
390402
173413
511996
821211
540001
719066
850432
878258
938822
96263
714586
485302
564955
290870
14740
536076
917575
7426
18196
351479
28377
510266
690010
51336
524493
236510
1009877
532337
615871
619334
461410
786424
630185
381026
578146
649735
521882
709660
286070
401504
981750
217306
368346
281325
645732
922143
412763
429109
30552
269393
495606
195563
680765
591509
579855
964769
906046
585942
345931
844442
63409
440293
248074
455100
106528
338363
722820
538788
620022
842713
408191
911060
407491
615888
146858
818183
556844
467421
663961
130725
195442
234924
266846
190290
330397
271677
44480
226209
932676
209380
533275
709095
868604
264042
857812
809002
869723
448850
590710
596023
802727
561718
766574
983762
1006880
694094
58975
1010696
492519
582162
405795
148129
735882
70136
249696
502962
179757
825431
230338
457550
12630
508012
912346
1017692
986452
685433
452755
125316
753741
919819
324684
376644
33251
531285
925847
479007
772227
870328
611726
81396
928074
1021796
928972
771948
216211
23576
639503
912269
876833
783621
29544
394092
841702
884689
207644
102143
799342
382903
437531
314896
699883
992459
967194
792142
267485
925019
580175
817278
8541
809841
303561
353998
637447
493686
147561
929354
357250
983281
843648
963944
975022
619116
503559
151997
752488
13687
377973
34515
561148
492998
519489
40978
816424
998005
724724
432090
334537
745580
339689
89523
276773
964830
113573
601500
199380
736747
307661
207488
965451
233318
915144
732614
439302
141744
8946
597511
258642
469187
38265
171739
954292
596299
838616
142284
657145
285166
751342
45164
925659
388781
305082
552835
412493
510050
773557
306016
678500
238185
778444
344400
219618
604252
602361
977453
375903
259574
677245
905741
64790
762649
79292
612636
1008969
372202
959925
446340
810578
759066
405532
900744
23112
922688
919573
561328
695626
570466
466063
838431
717163
213651
599867
428544
995130
175798
545064
479775
820460
144480
657149
706964
820776
356316
997074
313754
872047
303432
569771
940925
761895
991196
535185
357042
240194
89931
650575
931328
843407
772417
222918
788956
598685
470285
202989
314836
755015
26457
504937
630561
934625
721940
266693
488031
25086
679024
910414
644696
21211
791303
41102
143868
514923
905240
176227
364397
678399
270320
421562
951863
788625
841060
132333
505501
92846
53883
754615
665614
454655
391464
700880
343223
136562
493108
10794
838706
331530
505914
803782
259931
353343
943308
965939
927555
1001746
818612
9636
420158
1007026
747604
646573
547352
491204
641327
862618
602724
266323
689536
249708
722420
953684
711944
424561
444516
435668
843238
130687
354513
112064
586910
308428
956072
466513
981564
879725
139672
371730
909969
591977
1009321
791439
601244
361849
433254
421532
947973
917855
331830
345151
359106
204256
206537
812347
445916
137568
479662
485177
208972
120600
486401
878741
525567
307446
970816
779971
1005817
486673
948543
643421
694933
307398
335922
713674
926442
445301
76264
741260
832330
586450
783639
188709
67812
281320
572370
158119
854153
226224
702999
546519
246924
890442
1010564
164861
163522
175062
201258
806219
149672
890866
505978
487400
353188
4304
24668
376983
672612
519922
905567
287497
898147
466565
1005579
330683
993418
846935
575569
685709
871411
567415
398628
637921
549832
284776
642849
331372
694602
103169
457833
183196
62190
573412
621455
641190
417185
341145
263085
763435
960557
256326
783249
423046
709299
696077
533
488117
152664
848386
786828
217569
71933
757959
362584
247691
334118
529351
716953
563285
445948
200203
205056
427371
566125
340412
1011905
575116
617073
451126
841895
203449
322920
413124
90945
162168
706719
567550
519738
421573
338162
730556
995015
560022
930443
999350
469817
357641
4552
129210
138162
113709
563259
335496
476148
206954
911307
603213
604245
466574
806391
203194
139215
831092
872763
821697
279859
102739
610955
453356
239998
754336
607484
93018
280900
638369
1015170
975446
42825
731536
785620
323989
413231
589416
218476
696332
113481
642126
1019818
886892
935053
102303
331288
62779
404392
203666
431049
754832
880684
550282
421594
707947
561893
23291
84250
409774
351305
789494
680134
319420
964621
693330
781165
287405
464852
429433
632050
731179
175874
29388
576688
485612
39343
484020
103096
698572
966840
796230
390965
270214
773359
190866
196081
987918
899954
880265
612336
753039
214297
615560
156986
235772
191241
134789
987319
608853
653926
377301
198706
296568
522533
862103
184960
166561
347647
314049
42426
656000
439681
810181
720805
87542
767552
752351
754227
825451
755242
171518
480802
136142
258808
827212
570819
10538
212928
72540
631253
549090
592295
212463
696976
771209
222644
376931
120509
302176
35263
148665
340738
166509
471688
30529
217916
613684
202980
82148
335877
906261
346129
144398
92757
610113
34603
48694
786244
263514
411576
51211
906733
751783
977757
486972
39279
804337
422580
97508
438541
673532
608053
563089
764021
885413
995921
219120
776734
459925
447389
142614
933322
972447
362539
370029
597291
415164
783605
511289
962722
1023136
689779
60358
706082
663032
800588
887088
291891
624707
757800
239311
260883
175434
209572
349245
701942
34621
344415
387844
589422
939372
55089
793321
402407
789150
278396
708815
907593
18194
582042
361034
203456
866320
733558
542657
36248
939818
595767
749375
97345
115476
491542
422358
307314
773149
649808
767408
486762
486985
884279
9907
732242
553741
919140
700368
638143
406695
907527
130793
772947
32023
689247
908637
110723
6845
593988
550705
485747
99472
689890
297692
228605
485368
120448
449455
978640
121418
401022
1016031
74421
272350
997726
494384
930285
88781
407032
351040
505015
660300
709073
901742
8686
109472
878215
895077
321230
287165
597091
540488
39127
630911
463889
585852
828362
418436
162155
871436
456144
788644
422257
222397
887738
564750
308565
729776
114531
926720
11443
997037
334386
515874
989406
653329
19900
827520
140118
423767
726150
304162
770389
372540
171240
466762
220808
843410
401420
849994
8411
677027
796438
975359
472941
113216
57438
169197
870051
508261
894680
278521
140120
738698
794005
576189
356146
951945
524642
893835
485392
567334
725646
414466
154783
704576
899274
839494
153612
892307
49960
927967
571092
69927
665158
658224
284343
803929
23172
854673
717770
689540
146544
645644
779436
808268
880963
647857
51153
654983
864645
79510
201722
508616
670667
514415
261573
1017224
1012129
276677
738400
835571
893058
1019350
382809
124749
293124
492298
346001
897023
939537
366349
1013072
227138
611919
931725
363890
400743
592289
109970
247742
424640
611527
701813
669783
686382
806177
1023102
1611
785480
61073
507422
760137
451109
871805
441029
700527
272071
263923
868961
5186
939044
250088
1002613
546231
329938
822425
202705
584814
589646
761107
756723
239102
688105
173005
521722
612459
780111
42355
957251
35252
510901
6334
310178
638601
486046
524670
277823
811546
10571
702905
474122
301323
233917
887534
374492
332164
743016
113010
906284
344676
42614
246780
866410
920469
359604
252220
862203
182650
807709
976293
855762
241029
468225
432972
403368
626150
297426
955880
122071
540254
561803
507129
236761
951346
889790
886278
310359
775994
984632
170238
786417
82456
755794
997568
493450
365446
272855
258486
644428
832201
822413
250012
928319
551234
181090
590687
307841
209699
375349
845344
1014563
215359
512061
540247
142240
734713
388890
1017365
949499
984926
936054
633186
641140
340047
222296
538564
411622
625367
985605
781281
680384
863643
494995
895804
645790
91759
19467
434203
951939
887813
966714
413577
660405
22720
457236
789879
969013
311463
631494
266494
537306
242805
309079
43712
1021193
1016780
99321
769900
172563
962698
199154
919648
650027
206132
547362
580712
100098
958608
142896
1008292
763905
313423
395861
774536
564259
849126
610757
154622
938092
624765
849845
52902
553481
1008384
808717
466749
968453
943444
260780
405531
743590
374180
196690
141782
436578
562905
573487
658692
1003649
771368
451333
138782
578896
207301
37116
404865
836607
325557
959234
433550
423448
508865
606428
633072
895132
608646
759246
609021
55740
659370
157155
93238
763953
482601
650714
677097
200248
471501
939949
714742
61997
324540
978367
534446
517827
271403
235169
870103
349406
1002800
123776
34764
731405
146102
777007
76737
56999
372874
240589
709669
950913
610194
986387
481312
362313
842780
359740
725051
492930
669524
672401
784927
442652
261584
351120
505462
741039
998726
763832
205550
479828
414557
865012
455260
299552
542624
658850
410877
415294
209551
736062
582359
323752
992208
745903
588350
640642
629123
713518
574578
152851
924339
44239
1020518
322656
804583
369582
811931
784743
208089
88759
297259
358901
907838
916241
55010
390180
997060
10536
820359
879477
810010
1019989
213304
757126
556328
294701
940787
413808
593504
458339
7217
785599
713004
355418
926124
1023246
410759
485196
739906
388415
343208
839696
557810
90965
426968
610187
356610
568302
312933
755893
64579
300127
641967
893255
433005
359534
597599
199422
713892
969126
787896
71567
574492
587355
492037
41255
539352
595515
491058
176541
534413
510604
1017975
307767
416678
778247
681007
552470
818785
69713
75463
61759
974870
532754
659921
822854
24472
957108
113720
668825
975796
356538
670862
729446
649942
366010
517762
415018
135883
980217
707949
530392
785058
936865
810507
439714
393387
138145
540998
40550
81569
750113
121390
979384
640484
424865
889094
213384
204254
507821
712056
619888
910984
998975
410088
374941
254213
616625
813541
130135
876652
397404
245180
186670
287907
836819
531751
587971
786790
441269
275235
242224
643943
318515
546015
33557
394640
321567
318928
888640
665700
711852
15073
520440
703875
42184
808648
517094
301388
243475
579956
341153
105629
489850
855202
949972
231605
230517
317327
74766
618299
557017
852936
328998
88
176986
154909
878665
530687
943265
401076
300450
480076
269574
868153
447652
695050
659690
85555
914423
665679
697012
554098
968188
991810
31590
117157
908287
338941
332507
373000
674296
490893
541087
462650
417022
969494
136811
363308
650825
261140
764219
592950
187618
709820
574990
75587
251881
365441
690490
52525
271235
550066
132969
404516
582238
192064
162612
808519
937442
128414
307802
622421
9973
246209
881821
680829
444779
539463
106041
887121
986121
36019
92161
110809
153396
83158
38681
573892
146491
204107
224842
109241
333630
747289
514821
811980
902585
98171
997367
402957
269233
11963
450373
821818
139641
406330
132709
704660
762913
948877
474520
947151
615036
1002178
290056
231714
1016013
548288
870777
307071
331022
463052
883375
167901
859612
166440
617821
741552
71170
63190
387781
867962
816800
991866
372721
379771
1001975
215901
335500
55428
684244
242830
786781
948458
801943
55330
81505
517013
425951
547741
528517
508728
81877
952425
336637
30619
929809
84611
395332
23060
598828
612149
575152
702228
940515
474621
234673
69341
391908
402829
990886
77649
326969
595692
766043
612582
110414
440506
375843
1015990
992416
777360
211343
770483
775172
680070
87496
241400
880786
771790
176014
997690
100140
279933
973005
973149
576174
241770
120793
127523
522420
982831
197191
326399
41218
954701
781159
878088
342420
160364
57441
373513
125251
401599
846827
696757
496401
579462
301988
791800
805905
163757
401680
579944
730614
690322
616497
139482
145462
51940
253374
869649
791002
931750
941826
631698
32229
308563
970068
296083
132190
27932
581423
450321
111100
412237
608493
920577
217198
208333
669477
367262
260420
915396
226461
350177
142717
969047
923118
113423
965549
573582
935091
338284
540363
315479
631917
721677
573333
79524
920311
2763
606880
234159
222880
326483
683264
761181
93162
88923
379279
959936
754910
615151
563422
332727
285706
320489
120246
930481
580889
952191
956489
452238
255245
54007
221690
347302
334875
869749
924614
43746
897826
24821
504141
265992
892618
979027
184961
671765
592437
982151
386538
664515
211813
377583
136595
842282
1008426
155333
671893
389507
717510
554928
883517
971783
741663
386934
485340
537078
887199
813262
86572
543155
274092
311635
128858
315404
354751
456853
238773
850584
430883
134730
235249
937529
805708
647586
697367
889793
290770
449464
784909
791729
951816
331556
646077
688669
931133
892589
411365
714667
215695
875804
756859
519354
237670
735276
820667
853407
574356
41117
823246
620298
446471
82279
800792
773511
327465
735244
33567
854817
516565
131078
284691
27937
385013
361312
490238
551924
849852
418401
655241
55082
185981
582754
786024
880539
787750
697281
751459
156068
418397
812782
592386
401807
459830
768163
986837
150544
514958
659760
842589
347372
111367
443124
834202
699829
869280
744424
615474
200368
760047
216661
859195
355287
106238
881318
214437
1019897
611264
865368
12615
858111
480814
277517
111492
452683
634115
108736
297626
30265
900880
829971
851847
681927
431932
732613
600984
527185
101916
12863
208015
92533
127787
593997
487792
324373
315302
871914
35304
511354
367879
240691
606811
433813
141595
254590
587400
482146
836034
964740
410843
391782
590403
70073
519248
224343
752714
261053
40703
236762
243327
537066
209736
777574
940739
813070
294299
334920
773641
749107
490724
10689
355279
810905
1016722
478538
917304
20165
460611
953592
1012680
180402
508174
829689
612283
149798
116844
257342
371202
637472
37571
670515
749019
727149
483729
789929
540172
477018
289073
260309
186811
499076
621133
501874
1261
832715
546785
785921
464537
403301
492519
520497
527976
347151
822437
963673
265228
779101
1016975
917281
631354
182323
806617
991553
114501
931148
936606
565089
157016
315895
231078
113696
396368
243683
575447
700209
952116
975887
68667
560287
444242
926947
816298
204337
407287
538461
655124
831720
181706
238948
678765
612517
65733
177977
967989
134119
356305
2571
43939
481715
979710
359849
873069
7052
194908
682834
54583
58786
191353
743336
6038
186119
942966
823747
158655
568348
199880
176482
981456
783626
255369
747069
741819
717420
850808
133750
455115
776714
1015443
43565
404436
607681
500560
651826
873212
216702
929395
128982
850975
890217
353422
674778
711395
916766
874267
174729
673114
644374
821551
211682
747597
88356
255452
626413
251435
837404
434726
128814
55950
396430
1016991
1014583
343142
159408
634018
305496
293060
904793
439080
233330
802885
240170
786250
659178
794905
221383
452691
269753
919471
341315
769921
829087
581631
161690
47961
178807
852339
217943
155300
517286
200563
763478
382217
939181
514188
713124
65352
437983
384572
521858
117009
423468
347996
487817
623231
283
917290
280039
988980
19414
508658
1002183
589073
317791
41049
765135
210066
595425
1013318
275907
521413
453665
100973
355399
646373
155667
157049
224705
574871
172169
214998
631901
551872
410118
803096
572202
298753
603313
480267
225889
458192
870245
1020248
669126
706868
772581
783056
268071
514588
499757
549208
741122
729693
391395
544626
66884
254791
743661
496228
263211
328674
921116
353286
603980
430282
998149
997165
47281
917412
896497
116912
265754
479292
111850
153363
899172
755005
893174
355032
300808
634508
264800
850270
639418
892737
706609
27763
834097
239938
806078
620670
268294
702590
268635
166722
774326
92099
146221
32080
277954
174397
664349
462860
680694
875660
281321
803417
898758
609408
309588
165348
380627
831092
800638
163594
676493
425284
67918
842087
620019
780780
219915
727804
835191
515006
456202
221180
750589
645696
642690
1001779
991233
129696
400507
870163
548055
862932
479717
461661
358158
709714
466885
158569
66286
53353
31882
941330
690209
297019
81278
620608
230766
875095
685400
878355
257696
278519
387566
93864
509573
854995
717575
203404
915218
138399
619599
193723
428452
548136
91236
996435
353
379910
742157
568538
702909
500991
565386
665640
797465
574969
686086
5363
391045
158105
483113
300021
344486
135548
257226
978364
44979
875024
391362
146190
826521
922129
808667
723446
497983
642972
331496
379247
122852
818417
402414
370092
48035
46794
842880
106242
280089
833106
48680
935283
638237
295108
134657
574168
193198
890529
428130
941482
358635
597133
999861
106093
404539
382919
475749
254393
753036
931907
921589
229606
949945
543334
447790
162643
979717
895581
490353
84563
722372
545563
296746
600501
895257
393965
256357
712431
196314
397243
489594
338150
978320
812253
664036
770653
74650
50327
681776
770295
313969
1001267
382993
137962
977925
160186
498576
56643
863303
360014
817760
711887
30912
323623
121936
125869
143454
273704
543449
187758
148815
808733
264919
410598
1022726
122516
835413
700050
197211
485717
681857
145061
423375
796286
715198
213425
202733
789056
220632
369903
767435
1010480
280659
152363
634800
219978
325852
1015631
444880
824969
810465
179593
730930
409884
933692
961820
954546
700229
438794
824512
928291
553171
79770
547767
333708
743994
670082
739694
783507
681292
292043
619979
925688
672662
140876
447513
687416
588889
928276
680590
495186
716836
933889
84085
362405
498699
624493
183548
958456
513670
754696
888988
360084
540648
32193
152352
117132
344185
421342
528469
390685
77363
961324
1015117
843056
529430
59216
397391
472572
38184
1003323
212318
293064
681228
581820
430436
928718
208958
984879
636412
7227
478697
438611
796633
591187
619877
905786
485846
862130
69968
794457
573082
152237
715336
613823
193255
852439
238402
880739
402048
716960
98698
162198
598453
771607
47703
49559
349580
932559
884746
652357
779406
768736
411907
722927
444971
9733
510496
876359
751306
593891
40659
759926
476785
631401
891103
392009
423950
279634
913839
735368
814944
902599
530259
380007
256901
120098
921368
947734
269344
122318
534466
349811
843558
463690
562536
600031
274758
920140
291053
598318
711411
582146
136470
595384
361487
294771
529229
361613
1022005
130309
801265
248005
902563
192535
632408
900340
598210
673486
695394
852925
431700
204782
638395
468862
153145
810718
760492
451369
868574
867790
210590
845362
565571
450548
670253
615844
425382
665073
158949
85071
2257
26195
307356
637980
89597
650291
96364
651905
954722
515583
62795
475663
606044
962130
234056
348968
1000507
47359
555619
933327
968359
708141
934410
634520
458414
200092
470572
608446
770924
873478
283388
759635
665942
998560
279620
466834
875299
940223
987491
509520
825175
860056
75493
137873
744557
178208
528317
751415
961952
745234
315425
159189
154198
961295
521218
1010850
389674
561375
330535
848266
241556
346581
486629
719966
738103
171601
335229
881194
592327
112224
339730
66471
923285
324222
1013829
354503
564409
544379
883311
795502
139483
479354
61818
695105
318878
83478
960348
255126
378025
577952
83250
566411
312914
797060
580597
541746
371177
986058
925403
107754
819359
149432
690508
174025
302354
753556
363135
227893
850294
451718
53425
448914
1005153
495260
757250
450581
941106
815848
487660
249016
2335
375236
821856
759878
447963
677686
88959
641430
735968
821102
574705
162516
114782
389484
496102
614906
451264
807358
882855
568927
677335
421735
527064
306534
553125
548060
593740
460887
789448
395048
360325
748874
490626
202031
344775
914751
308833
203023
1016023
465227
712079
1013154
214613
51437
398264
571936
996531
226175
371091
112098
374737
669384
319248
747073
645943
246958
211997
540829
653550
905737
281620
105081
1014779
295058
886212
29124
266361
849402
289306
726835
47954
610839
901995
572617
512921
316985
192353
633464
128903
683931
646529
908001
759569
333557
920661
680504
380450
472878
782138
803139
362618
552239
591560
452225
731427
570067
