117173
648027
613775
265594
64498
550310
410932
450955
531061
263834
813153
827259
85969
446517
982960
778923
31781
667928
809130
347498
384330
520805
176894
816807
1011605
428483
931677
876737
61769
199038
655862
592762
553628
389324
146057
643851
547940
409131
480298
994897
759646
50661
880276
7717
646683
372405
717608
786377
983944
546436
10113
603261
440344
606540
872372
405554
251792
267294
563753
950614
444782
704062
12048
213966
253431
635500
892291
405762
938460
365118
966710
425745
205448
60840
136157
680230
744713
96414
260379
178914
364952
899280
490530
907513
497095
445844
908267
434393
827206
955362
281363
747908
74065
813176
132177
569214
276154
608798
437392
103906
975502
515588
367789
812688
749927
759879
511183
934785
255310
158354
678749
580411
423498
277217
592288
651871
323977
255073
321527
308320
704810
435316
912305
933198
779941
947664
370827
495312
209368
818119
26565
746033
573102
417697
423651
248209
861038
82469
272381
774716
801182
557879
507331
137751
871313
639387
589073
43574
585876
595159
24107
395403
115121
328503
587669
791226
1003806
849386
605330
29704
93766
814410
2359
510065
696433
399161
661034
523992
147986
141735
323068
699481
616109
828207
97825
729786
947555
922593
64904
547841
98843
536603
393947
159007
945999
85904
771157
610762
246384
621162
473914
754536
333047
231052
197880
19751
453641
886512
277464
921385
98502
921392
926049
492253
877359
453920
980041
62057
205233
801432
568344
963907
819026
321871
488540
934879
123511
273122
467331
251011
607824
513781
129368
873270
334048
602480
198941
542422
610220
783083
607041
259401
834816
881956
212670
604364
610264
533933
864785
243815
706674
180387
525271
497025
2926
13720
740097
1007759
318878
178322
14516
263912
758384
49453
648640
609205
186101
72155
556474
196100
582541
762188
213431
130555
597553
753640
744616
426793
612189
45945
197453
628216
330648
193254
235991
1003071
250785
191514
530719
608500
306488
302596
445820
935679
870022
790711
993604
485161
423465
1011121
148707
85299
51680
580152
403089
919555
308688
87520
76723
674041
913009
212778
904656
589409
841496
516167
957742
623361
266017
902650
428808
390353
976824
819867
392559
33994
199749
941879
861883
578007
976754
597205
15019
254184
642777
280532
670496
615462
622415
753519
390771
516929
799688
308067
61806
587492
884965
522663
579310
862538
892705
237146
239379
52714
953747
913339
65569
827982
358240
387153
711414
223746
722369
383275
668968
292775
673965
472642
90810
251175
270371
837370
82299
7426
413718
539847
239612
972487
26868
70125
10796
960671
151253
684639
159122
864260
919869
446665
149285
783247
230798
477610
105675
8174
161293
1005208
582765
156148
989070
488359
1022643
716746
206783
940261
879457
480067
325135
403964
58701
321358
227641
679419
889852
342660
635761
934190
325849
985313
683817
152361
720401
368272
253568
451300
646413
447967
534344
699136
307853
451154
853426
200744
612958
236243
700312
1008530
609464
251143
655975
641957
399158
17339
198056
398517
535410
739965
142377
19433
892220
833607
728524
550462
420471
818007
947179
357796
304785
507930
766567
151110
975773
707910
550732
589287
930575
110343
842530
751464
473107
738129
850899
980070
877962
661844
945204
995072
500130
693774
270897
464310
2320
716794
351642
72557
994285
504806
991620
214415
507435
533730
621149
178767
955826
837972
629392
463114
135195
374569
841681
763593
973319
463142
955141
293091
987677
231260
38097
550847
885152
396474
1018046
66487
107689
1004476
352518
419353
687109
410690
773374
391239
1016493
212091
125983
649982
295134
20224
305074
860083
849621
626685
122136
288281
842025
590730
402099
741312
1005764
982808
536949
564183
438399
782342
163075
466194
832090
645459
353413
506790
396885
39534
468493
30065
707821
78122
622241
736824
931638
977101
237799
147976
747153
542791
879724
805821
914955
708992
511888
397729
798546
99274
425490
928300
224597
267126
17972
748265
487031
272514
913034
4986
888943
849520
124517
722610
790463
98098
504534
406496
599246
971585
901729
430635
497828
999628
53568
208921
387906
779277
157776
555306
935324
723640
516252
979873
12596
498830
447877
260194
388948
645902
962443
837366
412136
346698
643514
898988
612341
464087
488371
241115
4026
81118
299606
248898
720994
142415
442633
126352
68962
276022
665000
967423
558453
498470
403721
154394
814898
271057
280106
397984
460102
498873
123386
61825
1006676
178689
955840
972293
715878
332381
783916
225292
686094
689704
426232
790128
199453
167829
400187
270470
994047
423165
182858
85444
750258
675414
913739
1017212
234593
675780
187735
428230
15009
985929
600651
348285
877383
146329
969260
307551
372195
420361
719156
90200
391134
704933
231549
39128
65579
368992
158025
681824
511149
524134
25324
793117
535333
520078
769367
702891
821206
532203
338497
912378
160696
71298
734963
17230
291924
874261
151729
695136
784194
163870
509376
272034
344893
586711
961816
60832
876768
338550
974504
590466
668928
886391
353857
35502
673445
375825
39712
893066
592549
540106
452123
790367
249567
65574
82022
428889
196369
501371
398594
935851
7511
781024
200388
732367
796737
963396
670974
864491
788623
9626
833740
300111
49291
216370
791804
795675
800515
688931
254619
58622
350178
314341
144408
976921
1000555
293883
805144
658433
757009
341453
838869
134115
798453
381588
758067
1015490
585468
125038
487521
10461
642188
237457
687912
467244
820708
632988
555476
552200
886805
607753
841147
521194
951457
981695
745838
322891
738991
708548
605564
1018539
500199
492304
63454
851886
808176
323964
660482
150112
358787
978393
362871
302489
285740
595742
795441
151420
169373
540601
534906
839193
1007535
579590
639094
318515
212982
503261
525649
161819
639487
717638
373767
478907
785193
761416
65487
89263
954909
13278
182309
212877
820203
585739
586866
915781
811202
654597
745563
231332
825932
1018764
926371
53747
155044
204382
702654
822972
94965
236227
319731
910252
441520
921667
240940
418196
503913
846200
907357
1007241
353103
96254
1001615
53292
844870
249222
665480
886788
605603
29706
220185
136199
694403
718619
994820
910648
220104
397398
450183
900714
426161
837877
581513
929058
939797
533121
111456
1003162
365372
645285
794429
500450
892762
953886
498229
651297
395945
71375
738028
505850
634914
422130
746976
188682
773847
712552
597583
431757
19952
718641
998343
368672
173632
102902
398920
62369
732035
1021891
949015
672562
544566
356819
900130
584029
579347
309380
609291
300370
82216
994922
823507
604491
782227
686719
644900
646416
529884
299896
299066
882326
819695
142899
754799
297667
121524
622924
959587
784461
1011277
790478
639685
405184
592363
396550
950464
439198
865613
445300
112388
645024
551895
1001691
869743
122395
765259
412024
734040
145534
876582
496719
731768
260088
384921
33440
1021558
661302
339747
881785
4878
310858
118215
572517
758493
803495
123631
881730
182475
50505
384733
691504
663061
807153
886986
838821
147189
629390
947357
92318
763889
591287
481865
103664
613822
323413
821443
603069
940494
483422
732831
178945
349565
641724
946758
82252
187859
1004108
898006
598922
571895
197634
291478
390654
912945
7465
307220
275022
181658
156872
781022
660663
330851
432416
953049
817760
713918
185171
448833
537293
958572
697119
917053
1013354
665828
844999
384542
513095
753693
176914
618548
35043
140280
792428
436557
266273
622157
965163
832459
279640
576401
193773
683873
326790
999969
215325
4714
48036
17453
654484
730853
500500
288324
753244
597265
875062
930935
234895
667041
269595
24621
179294
165277
754769
196739
1001773
292309
980957
61277
108508
901121
827207
44302
34081
80762
704719
201888
929297
895887
786877
199360
42429
467333
342486
37193
78585
140335
953323
715115
575544
96037
374155
1003128
763795
588708
313304
545611
722152
148738
408439
60501
403487
31436
307617
77893
659848
500350
627799
137555
361056
789214
214962
807210
117619
856821
523864
733552
361435
534187
246539
402163
371174
461566
149851
99697
12310
938975
300924
723460
522305
941481
47922
109096
753369
156734
801768
673130
227398
430528
367585
823216
385647
900841
14981
457247
27736
360200
535005
90284
865766
94617
575770
345667
289213
529279
906832
878989
234314
256480
796992
957538
733917
630941
805202
149451
668141
87660
536737
362162
981376
372885
60977
16680
511138
938053
850236
4691
149778
811922
821161
680690
741373
928780
809374
467599
604386
333052
683052
502080
528532
955196
853289
494617
190046
944307
502300
757297
674112
337259
734288
899151
538456
344144
840715
57650
221532
254343
898265
86138
762948
817256
300289
198198
482052
907034
8729
282891
625271
724426
85173
695549
461143
229255
345403
591069
501353
920253
988114
716880
650934
737101
638329
92279
873971
564293
952372
150848
287490
724801
700512
300361
942737
954205
991528
467564
229857
978389
492048
726251
250785
595516
740271
763705
803064
792662
398714
89187
673954
103826
995002
281369
831026
494631
570527
85853
744309
981449
161647
150727
407031
577544
712919
330610
494239
824390
445794
842119
299381
419155
1010439
260964
412548
221351
823004
971880
982235
205115
906217
528989
804013
184836
177432
206211
751000
634380
488520
896821
872451
43055
573568
962874
778400
742512
765248
747435
836881
429302
593140
22396
194726
527526
458882
334760
682821
383326
470530
15101
984163
710602
159885
462977
635950
549607
471854
233600
996557
131346
583926
783411
646591
651468
783404
931343
871264
173837
880288
452775
244874
317761
673056
4670
92248
388323
292868
333549
200198
1001141
307940
408429
770292
488345
658794
641666
225993
378127
829250
182021
163253
817996
610606
545932
905422
562931
128309
573623
639132
617587
151547
907034
40368
160508
994604
330178
971631
551198
629010
211046
78060
731393
489799
974892
671219
386619
155268
294420
925219
577361
221591
290309
975923
552141
630131
348274
595797
743416
923745
475305
576695
66357
675413
75192
489254
347642
1019484
829436
822989
761451
703792
185671
316188
817813
200430
146861
75972
727876
453087
742124
120286
750209
410738
668789
761387
499627
241739
979483
74102
797488
410740
520023
835094
664553
170161
233781
145808
833552
328690
32991
389465
58334
53218
634053
865720
290757
717725
545381
192714
440391
42878
637628
850847
874866
361493
250697
852866
767992
253496
822714
639319
197103
676401
782390
50460
827681
1003541
753734
440210
88337
277300
119392
398325
10891
487084
231442
424934
136934
588056
288456
116586
998618
926054
299322
873227
2296
968390
683380
724508
160714
724415
246147
379674
1009543
117851
684217
709678
632691
870275
451486
869839
266961
29541
492659
225669
548230
903441
186980
35528
645196
377636
290121
843783
869007
947099
719896
516548
688103
492745
659435
752092
396083
489315
431530
767205
598350
249785
682069
204720
548209
58367
873969
211693
999717
695754
837900
427758
172515
245910
983277
379268
464458
444291
180829
700421
40187
936993
494348
380784
46868
624736
1020322
656551
69704
935338
31843
882394
691864
535308
571518
957957
615344
760975
809970
872335
23008
220581
752670
602899
366261
690367
90851
401724
814388
118268
691319
52938
178610
346875
423881
132529
385363
806353
521101
339552
159517
308502
111075
895775
305336
368410
298152
92049
513220
203317
795736
360025
552151
935996
574365
923353
980242
296720
708985
367894
144222
53328
801805
38327
622664
238126
116228
741421
93047
508767
98463
964844
273862
242732
547933
36310
910082
810662
727622
284345
943425
79862
649172
918511
50141
386259
610175
955684
684044
160524
108515
322101
243997
555589
174993
245811
152145
325054
549743
892038
105556
567631
716236
976942
257111
279408
314372
589093
756427
634484
442572
411617
312251
434902
166171
630517
295622
806060
694710
324311
218296
251448
43862
153532
133317
567710
204663
281504
338785
793519
812992
309858
996543
872931
563722
533003
394467
357734
146190
612655
640870
1353
289200
612716
612550
793049
767202
634895
1009511
68365
108086
382679
846378
511000
797444
497361
755369
486943
509492
505698
49420
687109
210089
154467
774027
680289
568907
314982
674688
536209
429486
345111
719399
986088
190564
363454
476918
626179
180700
489953
174483
949561
828149
469511
668023
188976
327715
989847
700701
633229
899132
754910
8934
823491
972256
512815
713100
953869
916867
276260
699969
378230
324121
90627
261731
974101
236124
172349
592606
680535
897213
459024
842527
529012
190437
939851
378289
768004
470502
448562
196726
520106
276483
595831
96898
943598
909592
456552
293271
401449
50344
780329
1013049
665
893057
973078
272750
492949
648974
7754
695060
412634
863289
109630
952286
1002499
972538
445321
809964
450327
434561
575173
468743
411196
455164
234642
494454
252298
538117
540596
753791
733691
903851
290648
443005
163966
342812
823668
215707
754730
753644
944460
731178
627088
485636
476176
849317
605481
113706
857506
107326
801518
176680
540534
102692
140551
859292
533395
439124
719771
679516
99766
645401
962502
319619
105621
987682
928681
437788
259393
609086
674202
917610
469668
924854
797820
1000914
619306
476231
985898
511335
878205
222394
393485
844047
122216
558370
284110
342102
208349
117170
306724
847311
902418
90168
210894
33058
836037
457274
669
774071
86177
282283
1005737
511486
1002681
736586
878500
633688
755248
1019288
765259
985765
872699
598900
383224
1005931
1007039
181076
439381
36767
81620
409634
279851
705044
793451
576689
514648
217469
340684
690906
595423
376864
971191
815671
697881
555034
588780
665723
557066
576585
805831
386413
830671
40409
354819
801919
48178
815214
769951
435727
101984
661227
664541
98873
181938
418526
419943
1019734
326055
327816
320909
683542
624627
756108
338089
167222
145584
825394
190116
186077
328883
165209
1021073
956825
353530
137975
706679
952049
988737
1000782
91180
172454
33715
765102
339036
767371
658110
451040
699817
307966
76287
468790
618988
346114
306525
81965
722842
381178
510257
537020
941379
817924
792227
359740
160563
365040
467728
974835
304443
398300
951463
287038
446090
287853
1017363
1005915
248244
989612
547666
187089
708309
121978
709029
780412
971215
349874
871584
82488
107182
633050
721505
184874
840237
188804
534749
853158
777298
1011783
566870
996544
400180
28245
882409
931698
828381
292537
833859
85863
347978
550960
521332
160610
242063
395937
960731
454990
860439
537145
32321
120802
77833
39463
164099
258288
768455
4337
434278
988747
730768
405617
589839
174931
26437
523120
44682
648479
19273
219870
512776
256837
29313
38059
558118
441160
843131
857668
391656
71839
703915
429229
429252
119646
837583
271415
537563
495491
821876
666079
250946
1005280
526995
944195
734079
810912
1009747
801345
335632
528759
871922
52526
768804
856938
854718
462000
830061
576568
859197
422457
516365
245604
714604
102944
996525
528608
107557
860254
711597
571735
851097
960225
920949
701719
606973
370576
636394
1005466
761666
263132
716285
839088
595708
771071
166749
637002
242020
587733
923981
100837
1005945
461651
19599
520336
98369
2216
590976
743068
786733
49646
617277
148448
436890
957581
411395
10662
437364
866349
454293
90934
855797
600917
62166
685308
332683
872357
298870
472152
172504
1021868
799945
442882
918227
960615
384179
721176
379915
340055
990400
218310
998668
628286
649040
200337
405722
121205
306671
931648
460186
335341
235203
48231
441424
794048
587550
445585
398019
899699
582964
150537
391549
640971
733926
789573
34799
305736
394173
36848
381105
549698
430066
574867
194534
517279
83625
385759
708030
607791
680255
174745
257813
341668
874936
763682
36409
303665
726619
746402
476616
370877
72794
576977
178104
556484
1014696
133730
981617
338891
402927
919052
472597
193918
1000090
470325
357343
380519
872973
390206
860585
656717
512501
440933
445319
580135
136377
332123
306577
440763
785935
21347
778175
268504
685740
922147
277996
108844
559379
870411
437757
860611
620943
382559
902683
169245
748348
432610
333083
175850
369727
450593
380671
4964
860949
100185
778134
227913
341769
62214
427326
130932
167359
122633
734666
1000215
772078
318324
249726
955287
67371
834293
63543
269060
820960
794078
117928
805428
733787
304077
844223
752507
846338
421373
268838
378632
1001893
883751
561637
631519
549356
994838
25124
182382
620271
119750
704270
22991
316901
890424
938450
671897
734195
664277
168131
204899
960550
648060
227231
259798
127612
281898
205293
287598
533021
847685
723327
979149
461991
986501
953111
6588
985255
536192
856870
58303
728355
977104
349360
919891
981075
39138
158795
257478
155505
969054
151877
283827
108966
178222
792293
980761
874531
623149
630730
356375
359761
245614
992625
400199
943392
350758
38354
712372
217212
862775
805161
391801
988638
1023834
979410
948215
55551
844775
985165
774834
330663
148036
742754
529609
764323
825064
187486
639248
25044
448779
214907
206028
564836
263148
669789
461578
540180
199358
507577
371612
86193
188720
55056
610225
616614
811672
381849
214544
758698
860603
651581
737521
126105
936763
383676
972664
211041
951453
998381
279758
843795
422390
845602
753374
473625
371763
519850
245417
889991
1012225
21616
349255
1020554
834911
1012160
163963
200445
878526
432426
183793
931354
26321
251007
664598
747597
265207
385272
535956
423972
217155
486263
142441
390499
743204
700133
726435
522037
594358
874170
577210
251772
920740
10138
370314
78153
963255
143389
320491
578663
953856
205735
173038
499730
1020318
319862
745911
415429
996909
887227
254450
48433
447179
451295
752627
153161
498888
315622
858734
192122
374761
139505
175567
321529
737625
789213
100920
473652
106285
985865
322325
87658
261778
972342
54876
115542
436886
280967
399718
518
992655
153767
883045
765387
20268
736265
184706
854345
123158
852299
252052
19118
764994
466868
379006
686336
409814
996060
336165
35982
338613
957803
901388
631944
912553
816633
945551
1000363
451628
401429
779449
67092
606163
619361
520898
115254
45656
864986
1000744
386791
404546
218678
611688
43156
304691
132966
271705
872341
148942
374331
42790
145820
386882
271397
731878
303174
38264
338454
814042
284372
670421
129669
46914
528627
636076
188814
247516
312503
119620
214326
919802
809383
438400
665549
380990
620273
919345
118380
541941
361150
308469
486814
176654
525472
159945
187931
796598
654632
442419
334767
77201
861333
627973
348218
720534
524966
990670
552144
780423
668049
348899
332544
796940
130572
231941
528434
533099
54920
342703
134442
590310
367485
974079
185257
438706
729824
757054
822322
823439
925874
777742
505322
133384
534194
189231
203417
418377
134451
229101
909517
959640
636680
367658
269853
674674
631451
294660
134027
859971
735773
300578
32259
94400
513239
145056
607488
847845
400288
404629
512334
317574
221799
789053
665066
929428
772336
360392
300293
41967
726172
509374
830247
49634
521568
123917
289393
1011776
772056
982960
202747
87064
1009268
284926
32091
925719
490448
689293
901191
258171
165922
116929
12882
658608
732109
797172
400082
616585
280850
667459
384227
384796
380646
281075
965508
311610
646878
420223
794078
799113
57414
812607
144805
84032
94802
699574
747927
923775
315244
439160
1570
4425
193452
255414
464418
750623
252006
576616
673224
760634
390876
327701
160150
43364
304148
175426
607110
171379
325573
972149
884811
74595
684139
423652
50863
589071
648826
812223
295707
531596
475310
55831
334133
174626
809857
577898
419236
61416
390582
666316
956911
509179
136211
707250
275587
94810
880172
179038
358099
478049
415321
735971
793498
971745
175817
950228
839484
11736
662960
581261
633930
755922
242332
489757
163364
920795
929509
492495
355257
621343
451395
403539
920682
851489
791674
487822
452877
82836
858416
166395
133902
268761
303839
562876
498607
723734
902117
407873
529775
839663
173240
803219
149897
586724
866872
400190
154515
337223
356125
507609
38215
518872
701071
504371
316511
776447
253397
287004
455833
770213
959269
465101
718810
414127
153497
86005
478831
699159
723523
222561
737646
332457
375383
859974
262459
388696
548487
578862
449063
137530
225132
192125
274738
290343
526111
253856
346865
762345
665576
77777
654987
714528
777230
414088
317149
710069
90317
407425
762814
200697
454246
340070
146780
155481
77648
373530
629701
33472
653452
787874
91266
329865
374038
714927
921693
495135
390775
889292
92996
32564
924792
163360
1019974
323226
435697
960481
983994
66241
220351
59478
937343
176078
151252
135302
808285
899412
853607
729730
582538
644529
349005
193868
902985
601352
595808
109923
525741
765398
886811
832492
324220
545075
227144
824959
800046
198823
480464
1022346
588821
667559
375730
83814
679830
662187
269327
124404
391061
425453
160865
761075
271599
837055
969676
702178
217376
1006217
892813
1001100
943622
748127
218511
121653
229309
627259
894492
453983
506536
598236
782000
871993
1023889
585018
999401
648101
356328
727716
923803
637669
644136
181368
638977
556001
872023
822143
225550
263959
373420
147170
870625
903199
149578
785101
756310
542426
996395
554655
764089
590135
397336
990411
904085
219041
946132
935502
662955
325129
30297
832461
432382
361355
163130
826954
762379
541375
872487
72066
861206
412831
368271
74215
90272
946192
173408
479285
25589
65551
578282
224435
749793
318073
239329
662537
193923
176502
266369
221112
580409
377219
896204
25657
955
654875
206575
734902
894276
810754
171203
801887
808938
170030
174446
329067
747023
337490
464938
628140
20976
326152
647454
1023180
787034
486298
471656
137257
518269
82285
501564
833611
700633
348938
470822
861182
741717
766666
26475
873233
755310
755742
878734
981673
242060
615544
903662
664898
641649
990426
957836
12356
669130
528889
665067
616766
86760
512269
370704
230593
529032
251704
580521
403675
592078
270736
785226
533807
248913
717771
997074
766638
250959
212870
256492
21748
206849
13874
497841
702273
454922
380827
799851
409362
197385
208662
576117
257627
731725
1003847
155454
298852
611240
363661
178028
189501
98140
44554
225565
553951
848179
490834
388936
593633
552875
848047
932162
378324
99405
474126
200797
338747
937758
271499
638379
47914
573231
172692
858592
918137
591
277692
717141
1023909
851425
640286
771625
980805
844488
99180
356994
349732
20094
546195
912625
817919
322372
839949
159988
795100
434548
822978
503188
920325
846834
256923
572463
718752
508353
75686
24912
857580
968370
658911
588218
268058
316726
863905
914820
215237
906069
964265
738142
257040
1000632
355522
667121
164955
936928
131091
453989
202657
142457
1011969
478972
957042
65737
810690
480475
991623
365635
320384
28649
578311
685368
641317
710096
233813
1019821
360649
275745
407956
164679
485046
657812
192440
345699
933140
193132
102986
182338
870198
847097
552888
869473
708479
906551
481110
579815
279026
577172
704501
307768
836950
218831
89630
81319
433410
517372
279532
193864
965962
251556
894083
95971
908422
150793
300336
260100
289467
105607
992799
354607
145897
397333
412851
932400
114929
942827
14726
881041
508704
94782
373757
420133
468572
67879
890246
262594
868841
420001
507505
786444
692185
880049
417384
1000555
207630
55200
510604
69662
181229
315492
621358
354665
128417
882973
404263
372970
714249
875707
324309
514570
612927
690876
325810
620687
272838
998419
479634
234829
563791
787492
756345
48124
953896
28652
464406
767013
626498
701758
268256
907063
753885
136232
255692
546230
16850
887924
336296
785811
297341
166218
388887
996246
682309
410867
869162
807415
392393
132792
648343
605709
709288
474345
928664
190238
776173
521465
496738
761941
569366
848839
1023808
870353
983999
536568
235596
953562
987120
741503
794826
18222
606207
119102
250913
684410
269347
724934
1008247
391396
775831
82491
129768
701381
696679
375379
728930
119156
554715
333437
498719
963901
417405
746270
146624
77425
211143
822774
80131
114583
670574
560545
185121
231104
665669
65338
524743
784632
116944
269338
425902
762584
743526
797118
916185
1015865
820993
910790
269675
982275
990886
716826
1010210
643363
439659
881959
779892
469403
218666
694855
289860
897203
477633
20031
195905
124749
592642
532450
709084
721238
552766
703698
761315
661337
200041
219750
763071
499501
962026
133799
87878
114127
691458
778101
1013054
353354
874966
138695
93295
281042
523290
271120
135012
898289
68188
843452
949694
992729
400107
459225
768052
947160
366946
386771
809514
806889
158420
1020760
717549
138854
330389
661082
1005705
997851
477603
640050
716359
471287
588464
807650
891079
1003932
980173
612467
768437
668437
439988
134525
478507
258407
308402
775621
25251
641984
703279
479488
854935
382988
815067
226742
55735
949671
760695
284738
485062
829741
411198
712694
614418
584556
635118
257115
995214
669051
914550
322710
72846
549860
217661
854757
671262
953084
524044
781897
440574
153172
1020570
914494
369470
912712
296371
132262
993138
405172
51460
467396
557459
177607
171653
579171
167794
391663
745347
164887
462553
932852
358729
193435
869184
692769
2666
854361
449833
730524
10926
401417
564505
930519
755607
289649
748595
876319
679823
124234
648306
464210
738735
99907
295554
236462
96302
691487
482108
423108
627556
603641
511677
908683
977786
410536
529185
613008
480945
695613
692449
517707
561739
909737
264903
53902
158745
340860
166793
700182
866978
351944
324362
608068
167405
195364
859433
272613
918252
142284
842819
648749
181125
737254
139596
926915
662845
349407
740229
125942
88195
48372
637402
115725
957079
207821
628700
284859
842773
27459
548950
651441
24098
956994
954254
453710
895026
636874
761626
97650
161907
138255
296283
797296
987353
197057
742043
208417
502471
147814
943551
468757
924503
721122
848553
436197
365126
481561
832556
596644
851327
95147
25516
551284
695106
1016542
970834
687668
255217
292250
815082
813911
859255
100749
942937
389072
321109
1015151
452798
927785
924235
1017183
906531
630452
980127
738156
798688
167128
643596
435761
518540
294797
237642
700312
936097
856290
224566
992703
509355
485563
409247
913399
209197
439961
294060
336360
605457
923282
866541
530131
140233
357215
64508
941808
124678
259988
779216
147702
409620
98282
97438
537017
564176
909496
851563
877549
285767
348289
260403
979464
309741
510374
874927
713798
401015
30012
372935
873670
856917
479480
886676
545746
990671
107079
363024
159292
901819
542843
250461
169955
486360
229407
73390
842837
919755
420203
318422
817038
869811
377811
314987
784607
184683
348345
189591
922090
691547
151364
72315
13258
213243
623432
31551
449615
125670
465252
755898
980326
493975
547371
734139
452760
5570
597626
782066
755881
845905
79593
796286
1020768
869881
153693
992788
683367
846457
188345
153544
145992
568687
245428
50556
152215
350935
1008582
960226
571951
112928
569148
812591
317588
775917
42859
288094
685432
711269
228865
1011229
269145
494647
874614
972376
729671
931885
765346
869217
25795
179564
698985
841145
598211
370758
700305
690046
812755
315324
359092
911216
727381
102547
592977
1022625
974313
581649
1015036
806585
410343
86100
1012662
845539
752393
82000
921431
789848
643366
110947
808231
922502
652825
908439
161421
862940
240320
835955
638943
81973
411681
837758
598616
525278
780198
635729
731943
133190
257417
472152
784804
672065
808779
43045
394909
216569
462941
68208
241359
366449
478946
41135
119409
478647
932492
267342
39913
306598
819107
661132
155554
579925
864292
272370
198389
634144
177414
875887
464964
211792
291224
326933
806438
63594
1014533
52330
569276
328209
329210
289388
80930
289432
445534
773925
391938
553768
372032
281318
304194
892554
149711
180003
471261
1683
735874
551659
18127
163369
217944
361730
578090
346613
529977
368028
793926
702887
473212
246200
743957
355296
960642
563735
306837
689857
941183
745432
185950
380686
412505
983218
764763
370686
848296
68813
657301
550305
66782
288829
594475
277486
882304
195100
461150
29800
305554
308034
957385
849005
637970
689828
942766
712219
738970
93510
28523
644575
87080
880606
843275
128667
218107
397319
351992
204403
18324
27422
2511
400949
44764
880829
101196
