117173
648027
613775
265594
64498
550310
410932
450955
531061
263834
813153
827259
85969
446517
982960
778923
31781
667928
809130
347498
384330
520805
176894
816807
1011605
428483
931677
876737
61769
199038
655862
592762
553628
389324
146057
643851
547940
409131
480298
994897
759646
50661
880276
7717
646683
372405
717608
786377
983944
546436
10113
603261
440344
606540
872372
405554
251792
267294
563753
950614
444782
704062
12048
213966
253431
635500
892291
405762
938460
365118
966710
425745
205448
60840
136157
680230
744713
96414
260379
178914
364952
899280
490530
907513
497095
445844
908267
434393
827206
955362
281363
747908
74065
813176
132177
569214
276154
608798
437392
103906
975502
515588
367789
812688
749927
759879
511183
934785
255310
158354
678749
580411
423498
277217
592288
651871
323977
255073
321527
308320
704810
435316
912305
933198
779941
947664
370827
495312
209368
818119
26565
746033
573102
417697
423651
248209
861038
82469
272381
774716
801182
557879
507331
137751
871313
639387
589073
43574
585876
595159
24107
395403
115121
328503
587669
791226
1003806
849386
605330
29704
93766
814410
2359
510065
696433
399161
661034
523992
147986
141735
323068
699481
616109
828207
97825
729786
947555
922593
64904
547841
98843
536603
393947
159007
945999
85904
771157
610762
246384
621162
473914
754536
333047
231052
197880
19751
453641
886512
277464
921385
98502
921392
926049
492253
877359
453920
980041
62057
205233
801432
568344
963907
819026
321871
488540
934879
123511
273122
467331
251011
607824
513781
129368
873270
334048
602480
198941
542422
610220
783083
607041
259401
834816
881956
212670
604364
610264
533933
864785
243815
706674
180387
525271
497025
2926
13720
740097
1007759
318878
178322
14516
263912
758384
49453
648640
609205
186101
72155
556474
196100
582541
762188
213431
130555
597553
753640
744616
426793
612189
45945
197453
628216
330648
193254
235991
1003071
250785
191514
530719
608500
306488
302596
445820
935679
870022
790711
993604
485161
423465
1011121
148707
85299
51680
580152
403089
919555
308688
87520
76723
674041
913009
212778
904656
589409
841496
516167
957742
623361
266017
902650
428808
390353
976824
819867
392559
33994
199749
941879
861883
578007
976754
597205
15019
254184
642777
280532
670496
615462
622415
753519
390771
516929
799688
308067
61806
587492
884965
522663
579310
862538
892705
237146
239379
52714
953747
913339
65569
827982
358240
387153
711414
223746
722369
383275
668968
292775
673965
472642
90810
251175
270371
837370
82299
7426
413718
539847
239612
972487
26868
70125
10796
960671
151253
684639
159122
864260
919869
446665
149285
783247
230798
477610
105675
8174
161293
1005208
582765
156148
989070
488359
1022643
716746
206783
940261
879457
480067
325135
403964
58701
321358
227641
679419
889852
342660
635761
934190
325849
985313
683817
152361
720401
368272
253568
451300
646413
447967
534344
699136
307853
451154
853426
200744
612958
236243
700312
1008530
609464
251143
655975
641957
399158
17339
198056
398517
535410
739965
142377
19433
892220
833607
728524
550462
420471
818007
947179
357796
304785
507930
766567
151110
975773
707910
550732
589287
930575
110343
842530
751464
473107
738129
850899
980070
877962
661844
945204
995072
500130
693774
270897
464310
2320
716794
351642
72557
994285
504806
991620
214415
507435
533730
621149
178767
955826
837972
629392
463114
135195
374569
841681
763593
973319
463142
955141
293091
987677
231260
38097
550847
885152
396474
1018046
66487
107689
1004476
352518
419353
687109
410690
773374
391239
1016493
212091
125983
649982
295134
20224
305074
860083
849621
626685
122136
288281
842025
590730
402099
741312
1005764
982808
536949
564183
438399
782342
163075
466194
832090
645459
353413
506790
396885
39534
468493
30065
707821
78122
622241
736824
931638
977101
237799
147976
747153
542791
879724
805821
914955
708992
511888
397729
798546
99274
425490
928300
224597
267126
17972
748265
487031
272514
913034
4986
888943
849520
124517
722610
790463
98098
504534
406496
599246
971585
901729
430635
497828
999628
53568
208921
387906
779277
157776
555306
935324
723640
516252
979873
12596
498830
447877
260194
388948
645902
962443
837366
412136
346698
643514
898988
612341
464087
488371
241115
4026
81118
299606
248898
720994
142415
442633
126352
68962
276022
665000
967423
558453
498470
403721
154394
814898
271057
280106
397984
460102
498873
123386
61825
1006676
178689
955840
972293
715878
332381
783916
225292
686094
689704
426232
790128
199453
167829
400187
270470
994047
423165
182858
85444
750258
675414
913739
1017212
234593
675780
187735
428230
15009
985929
600651
348285
877383
146329
969260
307551
372195
420361
719156
90200
391134
704933
231549
39128
65579
368992
158025
681824
511149
524134
25324
793117
535333
520078
769367
702891
821206
532203
338497
912378
160696
71298
734963
17230
291924
874261
151729
695136
784194
163870
509376
272034
344893
586711
961816
60832
876768
338550
974504
590466
668928
886391
353857
35502
673445
375825
39712
893066
592549
540106
452123
790367
249567
65574
82022
428889
196369
501371
398594
935851
7511
781024
200388
732367
796737
963396
670974
864491
788623
9626
833740
300111
49291
216370
791804
795675
800515
688931
254619
58622
350178
314341
144408
976921
1000555
293883
805144
658433
757009
341453
838869
134115
798453
381588
758067
1015490
585468
125038
487521
10461
642188
237457
687912
467244
820708
632988
555476
552200
886805
607753
841147
521194
951457
981695
745838
322891
738991
708548
605564
1018539
500199
492304
63454
851886
808176
323964
660482
150112
358787
978393
362871
302489
285740
595742
795441
151420
169373
540601
534906
839193
1007535
579590
639094
318515
212982
503261
525649
161819
639487
717638
373767
478907
785193
761416
65487
89263
954909
13278
182309
212877
820203
585739
586866
915781
811202
654597
745563
231332
825932
1018764
926371
53747
155044
204382
702654
822972
94965
236227
319731
910252
441520
921667
240940
418196
503913
846200
907357
1007241
353103
96254
1001615
53292
844870
249222
665480
886788
605603
29706
220185
136199
694403
718619
994820
910648
220104
397398
450183
900714
426161
837877
581513
929058
939797
533121
111456
1003162
365372
645285
794429
500450
892762
953886
498229
651297
395945
71375
738028
505850
634914
422130
746976
188682
773847
712552
597583
431757
19952
718641
998343
368672
173632
102902
398920
62369
732035
1021891
949015
672562
544566
356819
900130
584029
579347
309380
609291
300370
82216
994922
823507
604491
782227
686719
644900
646416
529884
299896
299066
882326
819695
142899
754799
297667
121524
622924
959587
784461
1011277
790478
639685
405184
592363
396550
950464
439198
865613
445300
112388
645024
551895
1001691
869743
122395
765259
412024
734040
145534
876582
496719
731768
260088
384921
33440
1021558
661302
339747
881785
4878
310858
118215
572517
758493
803495
123631
881730
182475
50505
384733
691504
663061
807153
886986
838821
147189
629390
947357
92318
